,vf1,vf2,vf3,vc1,vc2,q1,q2,q3,q4,cg12,cg21,cg34,cg43,cl12,cl21,cl34,cl43
0,0,0,0,1,-1,4.818719281300776e-11,-5.4120676353079646e-11,5.276587578132785e-11,-5.994705985023778e-11,-2.32236159563829e-11,-2.32236159563829e-11,-2.6166388044971025e-11,-2.616638804497103e-11,2.32236159563829e-11,2.32236159563829e-11,2.6166388044971025e-11,2.616638804497103e-11
1,0,10,0,1,-1,4.8058411927310406e-11,-5.418412580092213e-11,5.159501793822987e-11,-6.054695348554927e-11,-2.3223615956382897e-11,-2.32236159563829e-11,-2.616638804497103e-11,-2.616638804497103e-11,2.3223615956382897e-11,2.32236159563829e-11,2.616638804497103e-11,2.616638804497103e-11
2,0,20,0,1,-1,4.792963119949811e-11,-5.424757503531065e-11,5.042416042416125e-11,-6.11468473870576e-11,-2.32236159563829e-11,-2.32236159563829e-11,-2.616638804497103e-11,-2.616638804497103e-11,2.32236159563829e-11,2.32236159563829e-11,2.616638804497103e-11,2.616638804497103e-11
3,0,30,0,1,-1,4.780085083387754e-11,-5.4311024289897105e-11,4.925330274744795e-11,-6.17467410244328e-11,-2.3223615956382897e-11,-2.32236159563829e-11,-2.616638804497103e-11,-2.6166388044971032e-11,2.3223615956382897e-11,2.32236159563829e-11,2.616638804497103e-11,2.6166388044971032e-11
4,0,40,0,1,-1,4.767207055704707e-11,-5.4374473536615385e-11,4.8082444986059635e-11,-6.234663455226509e-11,-2.32236159563829e-11,-2.32236159563829e-11,-2.616638804497103e-11,-2.616638804497103e-11,2.32236159563829e-11,2.32236159563829e-11,2.616638804497103e-11,2.616638804497103e-11
5,0,50,0,1,-1,4.754329029195594e-11,-5.4437922766789485e-11,4.691158718101928e-11,-6.294652803147018e-11,-2.32236159563829e-11,-2.3223615956382904e-11,-2.616638804497103e-11,-2.616638804497103e-11,2.32236159563829e-11,2.3223615956382904e-11,2.616638804497103e-11,2.616638804497103e-11
6,0,60,0,1,-1,4.74145100224191e-11,-5.450137198333522e-11,4.5740729351626603e-11,-6.354642148681267e-11,-2.32236159563829e-11,-2.32236159563829e-11,-2.6166388044971032e-11,-2.6166388044971032e-11,2.32236159563829e-11,2.32236159563829e-11,2.6166388044971032e-11,2.6166388044971032e-11
7,0,70,0,1,-1,4.7285729746730553e-11,-5.456482119048524e-11,4.456987150781841e-11,-6.414631492955045e-11,-2.32236159563829e-11,-2.32236159563829e-11,-2.616638804497103e-11,-2.616638804497103e-11,2.32236159563829e-11,2.32236159563829e-11,2.616638804497103e-11,2.616638804497103e-11
8,0,80,0,1,-1,4.7156949466005774e-11,-5.462827039140537e-11,4.339901365503755e-11,-6.474620836522891e-11,-2.32236159563829e-11,-2.32236159563829e-11,-2.6166388044971025e-11,-2.6166388044971025e-11,2.32236159563829e-11,2.32236159563829e-11,2.6166388044971025e-11,2.6166388044971025e-11
9,0,90,0,1,-1,4.7028169181561286e-11,-5.4691719588181054e-11,4.222815579642015e-11,-6.534610179675823e-11,-2.3223615956382904e-11,-2.3223615956382904e-11,-2.616638804497103e-11,-2.6166388044971032e-11,2.3223615956382904e-11,2.3223615956382904e-11,2.616638804497103e-11,2.6166388044971032e-11
10,0,100,0,1,-1,4.6899388894430574e-11,-5.475516878215054e-11,4.1057297933855616e-11,-6.594599522574857e-11,-2.3223615956382897e-11,-2.3223615956382897e-11,-2.6166388044971032e-11,-2.616638804497103e-11,2.3223615956382897e-11,2.3223615956382897e-11,2.6166388044971032e-11,2.616638804497103e-11
