=~=~=~=~=~=~=~=~=~=~=~= PuTTY log 2025.08.04 18:32:04 =~=~=~=~=~=~=~=~=~=~=~=
72
538
569
560
513
436
341
240
150
84
53
62
108
188
288
393
484
544
570
556
505
425
328
228
137
75
49
184
287
391
481
544
571
554
505
426
329
228
139
76
49
62
112
196
298
402
489
546
568
552
495
415
317
217
130
70
49
66
120
207
310
414
499
554
569
546
487
404
304
205
121
66
49
70
128
218
322
424
506
555
570
540
480
393
294
195
112
61
48
76
139
229
335
435
514
560
569
537
468
381
282
185
106
58
50
82
147
241
346
445
520
565
565
529
461
371
269
174
99
56
51
86
153
249
354
451
524
565
563
527
456
364
263
168
94
55
52
89
160
257
362
458
530
565
561
523
451
357
255
161
91
53
54
94
165
263
369
463
534
566
563
520
446
352
249
156
86
51
55
98
172
270
375
471
536
566
557
510
438
343
242
150
81
50
57
103
182
283
387
478
544
569
557
504
428
331
231
141
77
48
61
110
192
293
399
487
547
569
550
498
418
320
220
132
73
48
64
117
203
306
409
496
551
572
550
491
407
310
210
124
65
48
68
125
213
317
419
501
554
566
540
483
399
298
200
118
64
49
74
134
225
328
430
510
557
568
539
473
387
288
190
108
60
50
79
142
236
341
441
518
562
566
533
465
377
275
179
102
56
51
85
151
246
351
450
525
566
563
525
456
366
265
170
95
54
52
88
158
255
361
456
527
567
565
523
451
358
258
163
91
54
53
92
164
261
368
464
531
566
561
517
446
352
250
158
88
52
54
96
170
268
374
467
534
567
561
517
440
346
244
151
84
51
58
100
179
279
385
476
541
568
560
508
430
334
233
143
78
49
60
107
189
292
396
485
545
568
554
502
421
322
223
134
73
48
64
116
200
303
408
494
551
568
551
493
410
312
211
126
68
49
68
125
211
314
417
501
554
570
545
486
401
300
201
119
64
48
71
132
222
327
427
510
557
568
537
477
390
288
191
111
59
49
78
140
234
340
439
518
562
569
532
468
379
277
181
102
57
53
83
150
245
350
448
524
563
567
526
458
367
266
171
95
55
52
87
158
254
359
454
529
567
563
523
451
360
258
164
92
54
53
92
164
261
367
462
533
569
560
521
447
353
251
158
88
52
56
97
169
268
374
467
537
568
558
516
440
345
245
153
84
51
56
100
180
280
384
476
541
571
557
509
431
337
235
143
78
50
60
107
189
291
393
484
544
571
551
502
422
324
223
135
74
49
64
115
200
303
406
492
552
570
548
492
412
313
213
126
68
48
68
124
211
313
417
502
553
568
546
484
400
301
202
118
64
48
71
132
222
327
428
510
557
568
542
476
389
289
191
110
60
49
77
141
233
339
439
517
560
569
534
466
378
277
182
103
57
51
84
150
245
351
449
522
566
567
526
457
367
267
170
96
55
51
87
158
254
359
455
529
564
565
523
451
359
258
164
92
53
53
93
164
263
368
463
533
569
563
518
444
350
248
155
86
52
56
97
172
270
377
469
536
565
556
512
439
344
242
150
83
51
58
103
182
281
386
477
539
570
557
507
428
332
232
142
77
49
59
108
191
293
396
486
547
567
555
501
420
323
222
134
73
49
64
117
201
305
408
494
551
568
546
492
409
311
211
125
67
47
68
124
212
315
418
502
556
567
543
486
399
300
201
118
64
48
74
133
223
326
428
508
557
567
540
477
387
288
192
109
60
50
78
142
234
340
440
515
563
564
533
466
377
275
180
102
57
51
85
152
247
353
451
524
565
565
524
457
365
264
169
96
54
52
88
159
255
361
457
531
565
564
522
450
356
256
162
90
54
53
93
166
264
370
464
532
567
560
518
442
348
246
154
86
52
56
99
173
272
378
469
539
570
559
511
437
342
241
150
81
50
57
102
181
283
387
479
541
567
558
505
428
333
232
142
77
50
60
110
191
294
397
486
545
571
553
499
419
321
221
134
72
48
64
116
202
304
408
494
552
567
549
491
409
310
210
126
68
48
69
124
212
316
418
502
555
567
545
483
400
300
202
118
64
48
72
132
222
327
428
508
557
569
540
477
389
289
190
110
60
49
78
143
235
342
440
517
561
563
531
467
377
276
179
101
56
50
84
151
246
351
450
526
565
564
525
458
365
266
170
95
55
53
90
159
255
361
456
530
567
561
522
449
358
256
162
89
52
50
93
164
262
369
463
534
569
560
518
443
348
247
156
86
52
56
99
174
272
378
471
538
567
557
513
437
343
241
150
81
50
57
103
182
282
388
479
544
570
558
507
429
332
232
142
77
50
62
109
192
294
397
486
545
568
550
499
419
320
221
133
71
48
64
117
202
305
408
493
552
571
547
491
407
310
210
124
67
49
68
125
213
317
419
505
555
569
544
484
398
297
200
116
63
49
73
133
224
329
429
509
557
566
541
476
387
287
189
109
60
49
79
143
235
342
439
518
562
568
530
466
375
275
179
103
56
51
86
153
248
353
452
526
565
562
525
457
365
263
167
95
54
54
90
160
256
362
457
531
565
560
520
449
356
255
161
89
53
54
95
167
266
372
466
534
566
561
515
443
348
246
154
85
51
57
99
173
273
378
471
537
569
560
511
435
341
240
149
81
49
57
103
183
283
387
479
542
571
557
505
427
331
230
142
76
49
63
109
192
293
398
488
548
569
551
500
419
320
220
132
72
48
64
118
202
305
409
494
549
572
549
492
409
310
209
124
67
48
69
126
214
317
419
504
554
570
543
482
398
298
199
116
63
49
73
133
224
328
429
510
560
570
538
476
387
287
190
109
58
50
80
143
236
341
441
518
562
566
532
466
377
275
178
101
56
51
85
152
248
353
451
525
562
564
525
455
365
264
168
95
55
53
90
160
257
363
458
529
566
565
523
449
357
256
162
90
53
52
93
166
265
368
464
534
564
560
518
440
347
247
154
85
51
56
99
173
274
378
471
539
567
556
513
436
341
240
148
82
50
57
103
184
284
388
479
540
571
558
505
427
331
230
141
77
50
61
110
194
295
400
487
547
570
551
498
418
319
219
132
72
48
65
118
203
305
409
494
551
570
545
489
408
308
209
124
66
48
68
125
214
317
420
505
553
569
543
483
397
298
199
117
63
48
74
134
224
329
430
511
560
566
536
475
387
286
189
109
57
49
80
143
236
342
441
517
561
569
534
465
376
275
179
100
56
51
85
153
249
355
453
525
563
563
523
454
363
262
166
93
55
53
91
161
257
363
458
531
567
561
521
449
356
254
161
88
52
54
94
168
267
372
467
534
566
562
516
440
347
246
153
85
51
56
99
174
273
379
472
537
566
559
512
437
342
239
149
81
50
58
104
183
284
388
480
543
569
554
507
426
330
230
141
76
50
61
110
193
295
399
487
548
568
552
501
419
320
220
133
72
48
65
118
203
305
409
495
553
568
546
493
408
309
207
124
69
48
69
126
213
317
419
503
557
567
543
483
397
299
200
117
64
49
74
134
224
330
430
511
560
569
538
476
387
287
189
110
59
50
79
143
236
342
441
519
563
566
531
466
375
275
178
102
56
50
85
153
248
353
450
525
567
567
526
455
365
263
167
94
54
52
90
160
257
362
458
530
565
563
522
449
356
255
161
90
52
54
93
166
266
370
465
535
566
563
518
443
348
246
155
85
52
57
100
177
277
383
475
541
570
556
510
433
338
236
145
79
52
58
106
188
288
392
484
546
568
556
502
424
327
226
138
75
50
62
114
196
299
402
490
546
566
549
498
414
317
217
130
70
49
66
120
206
308
412
496
553
571
546
491
406
308
207
123
67
49
71
128
218
321
422
504
558
568
542
480
394
296
197
114
62
48
74
136
227
332
433
511
561
568
538
474
385
285
188
108
59
50
81
145
237
343
442
517
563
566
530
464
374
272
176
100
56
51
86
154
250
356
453
527
567
565
524
454
365
262
166
93
55
52
90
161
258
364
459
529
564
560
519
448
353
254
160
88
52
54
95
167
267
373
466
534
567
559
515
441
346
246
153
84
51
55
100
178
279
384
476
542
567
554
509
431
334
233
144
79
48
59
108
189
291
395
486
547
569
555
502
421
324
223
134
73
49
63
115
199
302
406
491
552
569
549
493
411
313
214
126
68
49
68
122
209
313
416
502
555
568
546
486
401
302
202
119
64
49
72
132
222
325
426
508
558
569
540
479
391
292
193
112
62
50
76
138
230
335
435
513
560
567
536
472
382
283
185
105
59
50
80
146
239
346
444
521
563
568
533
462
373
271
176
100
56
52
87
155
251
357
454
526
566
565
524
455
362
261
165
92
54
53
91
161
259
364
460
530
566
561
518
448
354
253
160
88
52
55
94
169
268
372
466
535
568
560
514
442
344
244
152
84
50
57
100
178
279
386
478
540
567
556
509
430
335
233
143
79
49
59
108
189
292
396
484
547
568
554
499
420
322
222
133
72
48
64
115
201
305
408
495
553
569
548
493
409
310
210
125
67
48
67
125
211
316
418
503
554
572
542
484
399
299
201
117
63
49
72
133
224
328
429
511
556
570
538
476
389
289
191
111
60
50
77
141
233
338
438
516
562
568
535
466
378
277
180
101
55
50
83
150
246
352
448
524
562
567
527
459
368
268
172
97
56
52
88
154
252
357
454
526
567
562
523
453
362
261
165
92
54
53
91
161
258
364
460
532
567
564
519
447
355
253
160
88
52
54
94
168
266
373
466
537
569
561
516
440
345
245
151
84
51
57
100
178
278
384
476
540
571
554
510
432
336
233
143
79
49
58
107
189
291
395
486
544
568
554
501
420
324
223
136
73
50
64
115
201
304
407
493
551
569
548
493
410
311
212
126
68
48
68
123
211
315
418
501
555
566
545
484
400
300
202
117
64
48
74
132
223
327
429
509
559
564
537
476
389
289
191
110
61
49
77
141
233
338
438
517
565
565
535
468
379
278
181
102
57
51
83
150
245
350
448
524
566
565
530
458
368
266
171
96
55
51
87
156
252
358
455
528
566
567
526
455
361
261
166
93
54
53
91
162
258
364
459
529
566
564
521
447
354
254
160
89
53
55
94
168
267
372
465
536
567
559
515
441
347
246
153
85
51
57
100
178
277
384
475
541
568
559
510
431
336
234
144
78
49
59
107
189
289
393
484
544
571
555
501
421
324
224
135
74
49
64
115
201
303
406
493
549
568
548
494
411
312
212
126
69
48
68
124
211
316
418
502
554
572
544
483
399
299
201
117
63
49
72
132
223
328
429
510
556
566
541
476
390
289
190
110
60
48
78
142
235
340
440
519
562
566
533
466
376
276
179
100
56
51
84
152
247
353
450
523
562
563
528
457
365
264
169
96
55
52
89
159
255
361
457
529
565
562
523
451
358
259
163
91
53
53
94
165
261
368
462
531
568
560
519
446
352
251
158
86
52
56
96
170
270
374
468
536
567
559
514
439
344
243
152
83
50
57
101
180
279
386
477
542
571
556
506
429
334
230
141
78
49
59
108
191
292
396
487
548
571
551
498
420
323
222
134
72
50
64
114
201
304
407
494
549
570
549
493
410
311
210
126
68
48
67
124
212
316
419
502
556
567
543
484
398
299
200
117
64
48
72
133
223
327
429
509
556
566
536
476
387
288
189
110
59
49
78
142
235
339
440
518
560
564
531
466
377
275
179
101
56
49
83
152
247
353
451
524
562
567
526
457
366
264
169
95
55
52
89
157
255
360
457
529
565
565
522
451
359
257
163
91
53
53
93
163
262
367
463
533
565
563
518
445
350
251
157
87
52
55
96
170
268
374
467
537
568
562
517
440
345
244
152
84
52
58
102
180
280
385
476
539
569
556
510
430
334
232
143
77
49
58
107
190
291
395
485
546
568
553
501
421
322
223
134
72
49
63
116
200
303
406
494
550
570
549
493
410
312
213
127
68
48
65
123
211
314
418
501
554
567
545
484
400
299
200
117
62
46
72
132
222
327
429
511
561
568
541
478
390
290
191
111
62
50
78
140
232
338
438
515
559
564
533
466
377
277
180
101
56
50
82
150
246
350
448
523
564
564
527
459
367
267
171
97
56
50
86
156
252
358
455
528
565
561
522
453
360
260
166
93
54
54
92
164
262
367
461
534
567
564
520
450
355
254
159
88
51
54
95
168
266
371
465
534
568
561
514
441
346
245
154
84
50
56
98
174
274
379
472
540
566
558
509
434
339
238
146
80
50
59
104
185
287
391
481
545
568
553
503
425
328
227
138
76
50
63
113
197
300
403
491
550
569
549
496
414
314
217
130
70
48
66
121
205
311
413
499
555
567
547
488
403
304
204
120
66
48
70
129
217
322
424
506
555
570
542
479
394
294
195
114
61
49
76
137
228
333
434
516
558
567
538
471
383
283
186
106
59
51
81
147
242
348
445
522
561
565
531
462
371
270
174
98
56
51
85
154
249
354
452
526
562
565
524
454
362
262
167
93
54
50
90
161
259
364
459
531
568
565
523
451
357
256
162
90
53
53
94
165
262
369
464
532
569
563
518
443
348
248
157
86
52
56
98
173
272
378
471
539
570
557
513
437
341
240
149
81
50
57
102
182
283
388
480
541
567
554
506
426
331
229
141
77
50
62
111
195
297
400
489
548
570
550
499
415
317
218
130
70
49
65
118
205
308
410
498
552
571
546
489
406
305
207
123
66
48
69
126
216
319
422
504
557
572
544
483
396
296
199
114
61
49
74
135
227
331
432
512
560
566
536
472
385
285
188
108
60
51
81
147
240
345
443
520
561
564
529
462
373
270
176
99
56
51
83
151
247
352
450
526
565
563
526
456
367
265
170
95
54
51
89
158
254
360
456
528
567
565
523
452
361
259
166
92
53
53
92
162
260
365
461
532
566
560
518
446
353
251
157
87
52
56
96
170
268
374
467
535
570
560
514
438
346
243
152
84
51
57
99
176
276
382
474
540
569
559
510
433
338
238
147
79
50
59
106
187
289
393
482
545
571
553
502
423
326
226
137
74
49
61
112
195
297
403
490
550
568
552
496
413
317
215
129
70
49
66
119
206
311
414
499
555
568
546
488
404
305
206
121
66
48
71
129
217
322
423
507
558
567
542
481
396
296
197
115
64
49
74
136
227
331
432
512
561
569
536
473
385
286
188
108
59
48
79
142
235
342
440
516
563
566
531
466
377
277
178
103
56
51
86
153
247
353
450
526
564
566
525
456
365
265
170
95
56
52
88
158
255
359
458
529
568
562
521
452
357
256
163
91
53
54
93
166
263
369
464
536
566
559
518
444
350
247
155
86
51
55
98
172
271
375
470
539
566
558
514
436
341
239
149
81
50
58
102
184
283
389
481
545
570
557
506
426
330
229
140
76
49
60
110
193
296
399
487
548
568
554
498
418
321
220
132
73
49
63
117
204
306
411
498
552
572
548
491
407
307
208
124
66
47
68
123
215
317
419
503
555
569
542
485
398
298
200
117
64
50
73
133
223
328
428
510
558
569
537
478
389
288
190
111
59
49
77
140
233
338
438
518
562
568
533
468
380
280
182
105
57
51
83
150
243
349
447
524
565
564
530
459
368
268
173
96
56
52
87
155
251
357
454
527
565
567
524
454
363
262
166
93
54
54
91
161
259
366
461
533
566
562
520
447
353
251
158
87
51
55
96
168
268
374
468
535
566
560
514
440
343
245
152
84
52
57
100
180
281
382
476
541
571
556
506
430
334
234
144
79
49
59
107
189
291
396
485
548
571
550
499
421
324
223
135
73
48
63
115
200
301
406
492
552
571
551
494
411
314
214
127
67
49
67
122
208
311
415
499
552
571
544
489
403
303
204
122
65
48
71
129
219
322
425
507
559
571
541
482
394
292
194
113
62
49
76
138
230
335
435
514
562
566
534
470
383
282
185
106
59
50
80
146
239
345
444
521
563
565
530
462
371
271
177
98
56
50
84
152
250
354
452
527
563
565
529
457
365
262
168
94
53
54
89
160
256
362
457
530
567
564
522
451
357
256
160
90
53
54
94
167
265
370
464
533
566
560
517
444
350
248
155
86
52
56
98
172
271
375
469
538
568
558
513
439
343
241
150
83
50
56
102
182
282
385
478
540
569
557
508
428
333
231
141
77
49
60
109
192
293
396
487
545
573
552
500
419
321
221
133
72
48
65
117
201
305
409
496
550
572
547
491
408
310
211
128
68
48
68
125
213
318
419
504
553
570
543
483
397
298
199
117
63
49
73
134
225
330
431
512
559
569
537
475
386
287
189
108
59
49
79
143
236
341
440
518
561
564
531
464
376
275
179
102
57
51
85
152
248
354
451
526
565
564
526
456
364
263
168
94
55
52
89
160
255
361
457
529
567
562
521
449
357
256
162
90
53
54
94
165
264
369
465
535
566
562
518
444
351
250
158
87
51
55
97
171
270
375
469
535
566
560
512
439
343
243
151
83
51
56
101
181
281
386
478
543
569
557
506
429
333
233
142
78
49
60
108
191
292
398
487
545
570
553
500
419
321
221
132
73
48
64
117
202
305
408
495
551
569
547
489
409
310
210
125
67
49
69
125
213
318
420
503
555
570
542
484
398
298
199
116
64
48
74
135
226
331
431
512
562
569
537
474
385
285
187
108
59
51
80
144
237
343
443
520
561
567
530
465
374
273
177
101
56
50
85
155
250
355
453
527
564
565
524
454
364
262
165
96
54
54
89
162
257
365
459
530
568
560
520
448
354
253
159
90
52
54
96
170
267
372
468
536
566
560
516
440
346
245
152
85
51
56
101
179
279
385
476
541
571
557
508
430
334
234
143
78
50
59
106
188
292
396
485
547
569
552
504
418
323
223
135
73
49
63
114
199
302
405
494
549
569
549
494
412
314
213
128
70
49
67
122
209
312
415
499
555
571
547
487
403
303
204
121
65
47
70
129
218
322
425
508
559
570
542
481
394
294
196
114
63
49
76
137
229
335
434
512
560
569
535
471
382
282
184
106
58
50
81
146
240
345
444
522
564
564
527
461
372
270
175
98
56
51
84
153
248
355
452
525
566
566
526
455
363
263
168
93
55
53
90
161
257
364
459
531
569
559
520
449
354
254
160
89
52
54
95
166
265
371
465
536
567
561
515
443
349
248
156
86
52
57
100
176
275
381
474
540
568
559
511
435
339
238
147
80
50
58
103
185
285
390
480
543
571
556
504
426
329
229
139
77
49
63
113
196
299
403
490
547
568
552
497
414
316
216
130
69
48
65
119
206
309
412
497
552
571
548
490
405
307
207
123
66
48
70
128
217
320
423
506
559
567
542
480
396
295
198
115
62
49
75
136
227
332
433
511
561
569
535
470
385
284
187
108
58
50
80
145
239
344
443
519
564
567
532
463
374
274
177
101
55
51
85
154
249
356
452
527
564
562
526
455
362
261
165
92
54
52
90
161
258
364
461
529
566
562
522
449
357
253
159
89
52
54
94
167
266
371
465
536
569
559
518
441
346
246
154
85
51
56
100
178
278
383
476
539
570
559
509
432
335
236
144
79
49
59
105
188
289
394
484
545
571
553
499
422
324
225
136
74
49
64
114
199
300
404
491
549
568
549
498
414
316
216
130
70
49
66
120
206
310
413
499
554
570
546
490
405
307
207
122
66
47
70
127
217
321
422
505
558
568
541
483
397
296
197
115
63
49
75
135
226
331
431
514
561
568
538
473
386
285
187
107
58
49
80
144
238
343
442
519
559
566
532
464
375
274
179
100
56
52
85
153
249
355
451
525
566
565
527
455
363
262
168
93
53
53
90
161
257
364
460
529
567
563
523
448
356
254
161
89
53
54
94
166
265
370
465
535
566
561
516
443
349
248
155
85
51
55
98
174
274
379
473
540
568
560
511
434
341
240
148
81
50
59
103
184
284
389
479
542
568
557
506
428
331
231
140
76
49
61
110
192
295
399
488
547
570
554
499
418
320
219
132
72
48
64
117
203
305
408
495
553
568
547
492
409
310
210
126
67
48
69
125
213
318
419
502
554
566
542
482
398
297
199
116
63
48
73
134
223
329
430
511
558
571
536
475
388
288
189
110
60
50
79
143
235
339
441
518
561
567
532
466
376
275
179
102
56
51
85
151
247
353
451
526
563
567
527
457
365
263
168
94
54
51
90
159
257
363
459
532
569
565
524
449
356
255
160
90
53
53
93
166
264
369
465
534
570
559
517
444
349
248
155
87
52
56
98
174
274
379
472
537
569
560
512
436
340
239
147
81
50
57
104
184
285
389
480
545
570
555
508
427
330
228
141
75
50
62
110
193
296
400
488
547
571
550
499
417
319
218
131
70
48
65
119
205
308
410
497
554
568
548
490
407
308
208
124
65
49
69
126
215
320
421
504
556
567
541
482
395
294
197
114
62
47
74
136
226
332
434
514
557
570
536
472
384
284
186
106
58
49
80
145
238
343
442
520
564
566
530
463
373
272
176
99
56
50
85
152
247
354
451
524
563
562
527
457
364
264
168
94
54
52
88
158
255
362
457
527
565
562
521
449
357
255
162
91
54
52
93
167
265
370
464
532
570
560
518
445
350
248
155
86
50
55
97
171
271
376
470
537
567
557
513
438
341
240
149
82
50
58
103
184
283
389
479
542
571
555
505
428
331
229
139
75
48
61
110
194
295
399
489
546
568
552
497
415
319
218
131
72
47
64
118
204
307
410
497
554
569
549
493
407
307
208
123
66
49
70
126
215
320
422
507
556
570
544
481
396
295
198
113
62
48
74
135
227
331
433
514
561
568
536
472
385
283
185
106
58
49
80
145
239
345
443
519
561
566
530
463
372
272
175
98
56
50
84
152
247
354
451
524
563
566
524
457
364
262
167
94
54
52
89
160
256
363
460
529
566
562
522
449
356
256
163
89
52
53
94
167
264
370
465
531
565
561
517
443
350
248
156
85
51
55
98
171
270
377
469
537
568
560
514
436
341
240
150
81
51
57
103
183
283
390
480
542
571
557
504
427
330
229
139
75
48
61
110
194
296
400
489
547
569
553
498
417
318
217
131
70
48
65
119
206
309
412
499
552
568
546
490
405
306
207
122
65
48
70
126
215
321
423
505
558
570
540
481
394
293
196
113
62
48
76
137
228
332
435
516
559
568
537
470
383
282
185
105
58
49
80
146
241
345
444
520
565
565
528
461
371
271
175
98
56
51
85
154
249
355
452
525
565
563
523
457
364
263
167
95
54
52
89
160
256
363
458
530
568
563
522
448
356
255
162
89
53
53
94
166
265
370
465
535
568
564
517
444
350
248
156
86
51
53
99
172
273
377
471
538
568
558
514
437
342
239
149
81
50
57
104
183
284
390
480
542
570
554
504
427
329
228
139
75
49
61
110
194
296
400
489
547
571
552
496
417
319
219
130
71
48
66
118
205
309
412
498
552
570
547
490
406
305
207
122
65
48
69
127
216
322
424
506
556
571
543
481
394
293
195
113
62
47
75
137
228
332
434
515
561
569
536
470
383
283
184
106
58
50
80
147
239
346
444
521
565
564
530
461
371
271
174
98
55
50
85
153
249
355
453
528
567
563
528
456
363
265
168
94
54
52
89
160
256
362
459
531
569
563
521
451
357
256
162
89
52
53
93
165
263
369
464
534
569
561
518
443
350
249
155
86
51
55
97
171
271
377
470
538
571
561
513
437
342
240
148
81
50
57
102
182
283
389
478
545
572
558
505
427
331
229
139
76
50
60
109
192
296
400
489
547
572
555
497
417
319
220
130
72
49
65
119
206
309
412
497
554
568
549
489
405
306
207
121
66
47
69
126
216
322
423
505
557
566
542
479
394
292
195
112
61
48
75
136
228
332
434
515
562
567
539
472
383
283
185
105
58
50
81
147
241
347
445
521
562
567
530
461
369
270
174
96
55
51
85
154
249
356
454
525
565
564
526
455
363
261
166
93
53
53
89
160
258
363
460
531
564
564
521
450
356
255
160
89
53
54
94
167
266
371
466
537
571
560
517
442
347
246
154
84
50
54
99
173
274
379
471
540
570
558
510
434
340
238
147
80
49
58
104
184
285
390
482
543
569
554
505
425
328
227
138
74
48
61
111
196
298
402
492
549
572
552
496
415
317
217
129
70
48
67
119
209
312
414
498
554
572
547
486
402
302
203
120
64
47
71
131
221
325
427
509
557
566
539
476
391
288
191
110
60
48
75
139
232
337
439
516
563
569
535
469
380
280
182
104
57
50
82
149
243
349
448
524
562
566
529
459
367
267
170
96
54
51
86
156
253
358
456
527
567
562
522
452
360
259
164
92
52
54
92
164
261
367
462
531
570
560
519
447
353
251
158
87
51
53
95
169
267
373
467
536
566
559
516
439
346
244
152
82
49
56
100
178
280
385
475
542
567
559
509
430
335
234
143
78
49
60
109
191
293
396
486
547
572
553
500
420
322
221
133
71
47
63
115
201
304
406
494
548
569
548
491
409
310
210
124
67
47
66
123
212
316
418
504
557
572
542
484
399
299
200
116
64
49
74
134
225
330
430
510
561
566
537
474
388
285
187
108
58
49
77
142
236
342
442
518
564
566
531
467
376
275
177
101
55
49
83
150
248
352
451
526
566
563
529
457
364
262
168
94
54
53
89
159
256
361
458
531
566
565
524
452
357
255
162
89
52
54
92
166
264
370
465
533
564
560
518
442
349
249
155
85
51
54
97
172
272
378
471
536
567
557
514
438
344
242
150
81
50
56
102
181
283
388
479
542
568
555
508
428
332
231
140
76
48
60
110
191
469
432
403
251
259
266
273
280
287
294
299
307
314
321
327
333
339
345
350
355
359
364
366
369
372
373
375
376
377
376
375
374
370
366
363
356
350
344
334
327
319
308
300
291
282
273
264
254
246
238
231
225
219
214
211
209
209
211
215
220
228
236
247
260
274
288
304
320
335
351
368
382
395
407
418
426
433
436
437
436
431
422
413
400
385
368
349
329
309
287
267
246
226
211
195
182
173
168
166
167
173
183
197
217
238
264
291
318
347
375
401
423
443
458
468
474
472
466
454
436
416
390
361
331
301
269
237
209
184
163
147
137
134
139
151
169
194
226
263
301
341
379
416
448
472
488
498
497
488
471
446
416
379
340
299
258
218
183
153
131
117
115
121
141
169
205
249
296
346
393
435
470
497
511
513
505
483
454
414
368
319
268
218
174
138
112
99
100
115
143
184
235
290
349
404
452
492
516
528
522
501
469
425
372
315
257
202
152
115
93
87
98
124
168
225
288
355
417
471
510
533
537
524
488
443
385
320
253
190
137
99
79
79
99
140
198
267
340
412
472
517
542
542
524
484
428
360
287
215
150
103
75
71
90
133
195
272
353
428
492
534
549
543
510
457
389
312
231
160
103
70
66
87
134
205
288
374
453
514
551
555
533
484
417
335
248
168
105
66
60
83
134
212
303
396
474
533
563
553
519
454
372
280
191
118
67
53
73
125
206
303
401
486
541
565
554
506
431
340
240
151
85
51
56
98
172
271
375
470
538
569
562
512
436
339
235
141
74
46
59
112
203
310
418
506
561
574
539
471
376
266
165
86
46
51
99
185
296
412
507
560
573
541
462
362
249
144
69
39
59
124
229
349
462
542
575
561
502
403
285
171
83
40
49
109
213
337
455
544
582
563
495
392
270
153
69
34
57
132
248
378
492
564
581
544
453
333
206
100
39
40
99
205
338
466
556
585
555
471
352
220
107
39
35
98
207
344
474
563
588
551
454
325
190
83
31
45
124
251
395
513
580
581
512
395
254
126
43
32
89
203
350
484
570
584
530
421
279
142
49
28
80
193
343
482
573
590
534
416
269
131
40
28
93
216
371
507
582
583
503
373
221
91
26
41
133
283
438
553
592
551
440
288
140
44
27
95
228
391
525
589
573
473
323
167
53
20
79
207
373
517
592
579
478
327
167
52
21
83
219
389
528
598
567
454
293
135
34
28
116
273
444
567
598
533
391
222
79
19
57
182
357
514
595
576
465
295
132
30
30
130
300
471
579
591
500
340
167
44
21
104
270
451
573
596
513
352
174
46
20
101
269
452
575
596
504
341
160
36
22
121
299
480
591
585
477
299
123
22
41
165
356
524
602
558
417
228
69
13
77
238
433
568
595
504
329
143
27
33
155
351
526
601
554
401
205
53
15
105
290
483
593
579
448
254
81
12
75
241
445
580
592
475
283
100
12
65
228
435
577
593
481
286
97
10
63
230
438
578
594
471
271
86
11
78
254
464
592
582
443
235
63
13
107
308
508
606
554
383
170
28
30
173
390
561
599
496
292
93
8
72
255
471
596
571
413
196
35
23
160
381
560
605
493
283
85
8
87
284
496
604
554
372
151
17
45
217
445
592
581
421
197
32
25
176
405
578
596
453
230
47
16
153
385
567
596
464
237
50
15
149
383
568
600
461
231
45
16
160
397
578
595
445
209
34
25
186
428
589
579
409
173
18
45
234
473
604
554
354
120
6
81
295
520
610
514
287
72
9
129
373
570
599
444
199
24
37
223
471
607
548
336
101
5
106
347
558
599
453
205
24
35
229
479
609
540
313
81
5
126
378
579
591
414
162
10
68
293
529
611
483
235
35
30
220
478
607
529
296
65
10
165
428
596
561
347
99
4
118
379
584
585
392
133
3
94
341
567
597
421
157
6
79
320
556
599
433
167
7
73
311
550
601
434
167
7
75
319
559
599
423
153
4
89
340
570
590
397
128
2
113
386
591
570
350
89
5
156
433
608
540
292
51
20
219
496
611
485
213
15
62
309
559
600
406
129
1
123
407
599
553
302
51
22
229
508
610
464
183
6
84
348
580
583
353
82
7
178
468
612
496
215
12
72
334
578
582
352
79
10
202
493
615
468
179
2
96
373
593
560
302
46
30
263
541
603
404
113
2
165
465
610
485
194
5
94
374
598
553
286
34
43
297
565
587
355
73
11
228
525
606
415
117
4
177
481
617
458
156
0
133
442
613
492
191
3
110
414
613
514
218
7
91
382
603
536
244
14
79
370
602
539
250
15
79
370
599
537
245
13
83
378
605
526
230
7
89
388
606
521
216
6
104
419
612
496
182
0
134
457
614
456
138
0
181
500
612
407
95
9
226
535
598
355
56
30
300
580
567
278
18
79
385
610
510
189
0
140
471
614
428
105
10
248
556
582
309
28
61
365
607
516
194
0
143
478
613
408
85
16
272
573
571
276
14
96
416
614
464
130
3
222
544
589
312
26
71
389
614
485
150
0
206
535
595
321
27
70
389
610
478
140
2
220
549
587
294
16
93
423
618
444
105
15
285
583
546
223
0
148
498
609
359
44
56
373
614
479
132
6
248
568
562
245
1
133
490
608
358
39
61
391
617
456
107
16
299
592
525
178
0
205
548
581
265
3
126
485
609
349
30
74
417
618
422
74
33
346
610
482
125
12
295
594
518
159
2
242
570
553
207
0
195
546
576
250
1
158
520
593
287
5
126
496
605
316
13
117
486
607
327
16
111
481
605
330
15
113
484
605
321
13
118
490
602
310
9
122
496
600
300
7
131
507
599
286
2
147
524
587
261
0
170
539
574
233
0
203
563
556
195
0
240
583
528
154
7
292
603
488
105
30
366
619
422
55
64
424
614
357
20
113
499
598
270
0
178
552
557
192
0
262
594
497
114
27
368
616
403
39
85
464
605
301
2
160
546
561
195
0
270
601
485
95
34
389
620
374
23
119
513
582
229
0
243
590
497
106
37
396
615
358
13
142
536
567
188
4
293
613
450
60
70
452
608
284
0
197
575
522
122
29
390
617
348
9
144
544
556
167
9
328
616
405
31
116
522
573
196
3
304
616
420
38
104
512
578
195
1
306
616
415
32
114
523
566
178
8
332
618
386
18
143
548
542
139
27
397
619
312
0
202
588
494
85
56
450
603
248
0
270
609
432
36
113
531
559
151
22
395
618
303
0
223
597
462
55
92
502
573
180
11
375
618
321
0
215
593
465
52
96
509
570
168
20
393
616
288
1
255
612
423
25
140
557
521
96
56
466
592
204
7
349
621
329
0
225
602
441
31
134
557
521
91
62
477
585
183
17
399
615
265
0
298
616
361
0
204
596
448
33
136
562
509
77
81
508
561
139
41
453
594
196
13
397
612
251
0
327
621
318
0
263
614
379
3
201
601
433
21
165
583
467
39
135
570
496
57
112
551
517
72
95
525
539
97
67
499
560
127
59
489
570
136
52
481
575
141
48
478
571
141
48
483
568
135
55
488
566
129
59
494
561
117
69
509
550
101
84
524
534
86
89
528
530
77
98
539
519
68
109
561
491
45
142
581
457
24
180
600
418
8
210
611
384
0
243
614
348
0
281
621
305
0
332
618
255
4
384
608
203
23
453
582
134
66
517
531
71
113
572
470
24
188
610
388
0
258
621
315
0
334
614
233
11
433
584
135
69
525
520
57
137
589
430
5
225
617
335
0
325
620
233
16
448
574
117
90
549
490
30
184
606
370
0
299
622
252
10
440
579
118
90
554
479
24
202
615
338
0
341
612
202
33
489
547
68
135
590
408
0
278
623
256
11
446
572
100
114
586
422
0
267
623
260
11
448
568
91
112
585
422
0
280
620
241
20
472
552
70
138
597
380
0
326
611
189
46
518
506
29
206
616
304
0
416
583
106
116
590
397
0
320
614
182
54
532
488
19
237
619
262
17
476
541
52
178
615
320
0
405
584
101
131
601
366
0
366
599
131
100
585
401
0
331
607
157
80
563
437
0
297
619
183
63
549
458
0
281
619
196
56
539
465
3
273
621
197
57
542
460
1
283
615
185
68
556
441
1
313
609
153
91
576
402
0
360
593
112
132
604
332
0
434
557
54
188
621
265
24
509
494
10
282
616
169
84
574
398
0
373
586
88
147
614
296
12
491
509
14
277
618
165
89
584
383
0
398
575
64
183
619
251
35
534
456
0
327
603
114
142
612
288
19
510
481
1
309
607
122
135
612
290
19
513
473
0
316
606
108
154
616
263
36
539
442
0
364
584
69
186
619
213
63
573
390
0
420
552
34
246
615
152
116
608
294
21
526
453
0
365
581
63
204
624
192
86
589
347
6
474
501
3
312
602
92
164
623
218
68
578
363
0
468
507
4
311
599
85
179
623
198
85
593
331
12
519
453
0
389
563
35
262
614
118
165
623
207
82
597
320
18
530
432
0
416
542
16
310
595
75
202
621
159
126
620
236
64
586
340
13
527
431
0
430
525
6
322
587
59
232
618
121
169
624
172
121
619
231
74
591
312
27
553
385
0
484
473
0
398
547
14
332
582
45
262
610
86
195
618
139
162
623
169
129
621
199
105
615
227
84
602
278
54
585
322
26
557
365
9
516
431
0
467
482
0
410
525
1
353
564
22
317
581
37
285
592
54
260
607
70
233
612
88
209
617
101
215
614
95
201
620
110
208
615
103
217
615
94
206
618
101
225
613
84
219
613
84
222
615
86
222
615
84
224
608
76
234
607
66
249
604
60
261
598
48
281
593
36
303
581
27
323
572
18
345
556
8
351
552
7
355
548
3
370
541
0
386
530
0
396
515
0
418
502
0
437
484
0
456
469
0
474
449
0
500
417
0
521
390
13
559
333
41
594
269
82
612
208
129
620
128
211
608
59
278
585
20
354
543
0
401
504
0
450
464
0
499
411
7
540
350
34
591
266
90
618
180
165
622
81
257
589
26
356
533
0
424
480
0
492
413
10
566
311
63
609
205
150
621
85
254
584
18
372
520
0
461
443
0
533
349
43
601
228
129
625
96
245
588
18
379
509
0
476
422
10
570
290
86
621
154
205
604
33
350
528
0
462
432
7
555
314
70
614
168
195
607
34
351
522
0
480
409
18
586
251
121
622
86
279
569
1
417
469
0
535
335
60
617
161
209
599
22
385
495
0
519
347
55
615
168
208
598
19
394
484
0
532
332
69
620
146
234
589
7
401
473
0
544
308
86
622
118
269
564
0
449
427
19
595
214
166
607
32
376
491
0
540
308
91
622
105
293
550
0
480
382
44
610
159
227
583
1
429
437
18
596
205
185
601
14
424
441
16
591
204
185
599
10
433
431
21
599
188
206
592
3
433
428
23
602
172
223
580
0
450
407
36
610
151
257
560
0
485
366
62
621
110
302
528
0
536
301
116
622
40
385
465
10
593
192
213
578
0
473
374
62
621
100
322
514
0
556
260
150
606
9
425
421
34
617
128
292
534
0
544
275
143
608
15
442
401
49
618
99
302
520
0
556
252
165
600
1
457
382
64
626
81
334
494
0
582
198
222
569
2
512
312
118
616
16
449
386
66
621
71
353
475
13
604
142
290
520
0
571
218
210
575
0
519
293
140
604
1
467
356
91
622
39
410
416
53
621
73
360
462
24
616
108
336
475
17
613
120
332
484
16
609
123
324
489
12
607
121
328
482
16
609
111
342
472
24
615
97
333
476
21
615
98
332
470
23
618
93
341
467
26
616
88
358
452
36
619
71
376
435
48
624
51
406
403
71
622
34
438
368
98
617
13
477
322
137
597
0
516
272
188
570
0
558
213
244
532
0
594
143
319
473
29
622
61
399
399
81
622
18
476
317
155
584
0
546
221
241
530
0
601
122
351
441
54
624
25
466
322
147
585
2
551
208
263
510
14
615
75
391
399
90
621
4
491
288
182
561
0
584
152
326
451
51
622
24
472
303
174
569
0
586
146
336
443
64
623
13
498
270
208
541
0
602
103
393
386
107
596
0
553
192
291
476
40
625
26
486
280
204
541
6
610
87
388
386
116
592
0
564
165
325
443
68
619
2
512
244
246
502
29
622
28
480
274
218
523
15
621
37
467
292
203
533
12
621
45
462
296
201
532
14
622
39
469
283
213
524
19
622
27
490
257
242
496
37
621
11
519
214
289
460
66
616
0
542
188
319
432
89
607
0
565
151
361
390
127
580
0
603
88
417
333
181
539
15
624
22
505
228
285
454
75
613
0
570
139
383
363
156
555
8
619
39
483
249
266
456
77
613
0
573
125
403
338
184
528
26
625
6
524
191
331
404
123
566
0
614
40
485
241
284
446
92
603
1
588
90
423
308
220
498
53
615
0
572
125
414
314
216
497
52
615
0
572
118
432
291
242
475
74
609
0
593
86
442
278
257
459
89
602
0
604
60
476
238
301
418
127
560
13
626
3
542
154
391
325
222
484
73
606
0
601
62
472
236
318
397
152
540
32
622
0
580
99
438
273
277
432
128
556
22
625
0
568
107
452
251
306
401
154
532
48
617
0
596
63
488
209
347
358
208
484
81
598
0
616
26
535
148
421
277
282
416
146
533
44
610
0
606
45
507
175
390
308
255
437
130
544
39
617
0
605
37
521
156
413
278
288
402
167
508
69
597
0
621
12
561
103
473
202
370
318
253
425
148
521
60
601
0
618
8
551
108
472
205
371
307
270
411
166
494
89
582
11
621
0
600
43
527
140
445
230
349
328
252
424
160
505
88
583
15
621
0
606
27
547
106
488
177
408
262
329
343
244
426
170
492
98
573
27
618
0
616
10
576
67
504
152
442
220
373
294
300
360
234
428
168
484
112
534
61
586
14
620
0
616
5
571
74
504
147
453
203
398
260
346
311
288
368
238
415
186
465
143
503
100
542
67
586
20
615
0
623
0
596
36
550
86
496
150
459
183
427
223
387
255
354
295
316
321
290
356
256
391
220
423
188
454
159
480
130
505
107
527
83
566
48
590
18
616
0
624
0
612
8
574
47
547
83
506
118
499
133
486
149
473
161
459
175
447
187
436
198
428
207
416
216
415
217
408
224
409
224
405
228
407
223
405
224
409
218
410
218
411
214
415
213
420
208
425
203
431
192
440
183
448
169
464
159
473
142
489
131
501
113
519
100
531
80
521
93
512
104
531
83
521
92
518
96
514
102
529
84
525
89
521
88
523
92
519
94
515
96
514
97
518
93
520
91
520
86
525
82
527
74
538
70
542
65
545
61
553
54
561
48
567
41
574
30
585
24
591
16
597
10
601
3
604
6
597
13
603
1
600
6
596
10
605
0
599
3
599
3
601
5
599
8
593
9
592
11
603
0
604
0
603
1
607
0
605
1
606
0
613
0
615
0
614
0
614
0
618
0
618
0
622
0
621
0
622
0
623
0
626
0
622
0
615
8
612
18
591
52
563
91
521
144
438
235
345
333
247
429
153
512
71
558
31
594
3
607
0
619
0
624
0
625
0
624
6
614
20
587
62
542
124
452
230
335
352
219
462
109
555
30
600
0
611
0
625
0
625
0
619
17
587
67
534
136
432
258
304
390
176
505
65
574
14
611
0
625
1
625
7
610
36
562
104
463
235
323
379
183
510
62
581
8
606
0
621
0
621
7
606
44
549
127
426
277
276
428
131
552
27
608
0
622
0
621
23
572
104
455
250
299
419
136
552
25
610
0
620
0
615
40
549
134
415
315
227
478
77
574
6
613
0
623
0
607
55
531
165
371
347
193
509
42
603
0
623
0
608
52
532
168
371
354
184
523
39
606
0
624
0
605
67
511
198
336
398
140
556
12
620
0
613
39
540
168
366
368
165
547
19
618
0
619
39
538
166
362
379
151
552
11
622
0
613
49
525
195
328
408
122
579
0
621
0
605
69
498
228
290
448
87
582
0
626
0
601
82
481
250
256
480
58
599
0
623
26
553
164
350
397
123
577
0
626
7
593
101
417
331
182
542
9
620
0
612
67
492
247
257
485
43
612
0
616
56
506
235
267
482
46
610
1
616
60
498
246
252
494
35
618
0
607
82
471
283
216
526
16
621
5
584
120
383
380
124
586
0
623
41
518
228
265
490
39
614
0
596
104
400
375
124
590
0
625
48
503
253
237
524
15
622
12
549
187
299
467
50
613
0
604
99
436
337
151
579
0
620
45
500
263
218
537
7
626
12
544
204
276
494
25
625
12
548
201
270
498
24
625
16
540
219
256
519
13
623
27
519
253
220
539
0
622
35
506
265
206
550
0
625
38
492
287
184
565
0
620
55
474
309
154
581
0
613
89
433
361
115
607
0
595
137
331
460
40
620
12
534
244
217
552
0
622
54
472
324
143
598
0
602
121
338
460
38
621
19
519
263
193
569
0
615
97
411
395
79
613
1
583
179
274
517
4
627
43
479
323
134
603
0
584
167
283
513
5
621
44
468
340
117
610
1
575
191
252
538
0
619
84
415
400
67
617
12
526
281
163
592
0
594
161
280
520
0
621
69
429
391
70
619
13
517
290
142
604
0
575
202
232
560
0
607
129
310
504
4
622
72
423
406
57
625
33
476
345
91
610
7
549
247
172
595
0
577
208
217
573
0
601
170
253
549
0
610
133
293
527
0
618
109
325
502
0
620
96
381
456
16
621
90
386
458
18
624
89
386
457
20
623
89
376
466
14
618
101
324
505
0
620
119
304
525
0
610
140
274
546
0
601
165
245
563
0
581
212
195
592
1
557
260
149
613
16
484
362
68
621
47
433
419
26
624
94
364
486
2
617
117
293
547
0
593
193
206
591
0
544
285
114
623
44
431
443
16
621
126
275
555
0
585
223
163
607
18
473
389
44
627
91
361
506
0
607
171
218
587
0
542
299
93
619
45
421
449
10
615
157
230
587
0
536
315
81
625
62
392
480
0
613
163
222
598
7
514
345
62
625
83
355
510
0
598
215
165
615
35
431
447
8
616
142
235
589
0
523
339
64
626
105
280
565
0
544
316
77
626
82
342
527
1
580
253
122
622
75
359
525
0
581
252
123
625
73
359
518
0
583
253
121
621
75
358
517
0
584
246
126
622
77
354
520
0
582
265
112
627
84
338
535
1
575
268
111
627
85
345
533
0
573
267
109
627
86
342
528
0
572
269
109
627
91
335
534
0
576
268
109
627
93
335
534
0
576
278
103
623
92
324
541
0
567
278
102
626
93
332
541
0
567
280
101
626
94
332
535
0
571
279
100
624
111
265
575
0
526
345
55
622
115
258
580
0
527
343
57
625
111
259
582
0
525
346
56
627
111
264
581
0
526
344
49
625
118
257
578
0
522
354
50
623
126
249
587
10
465
419
15
611
185
184
609
32
417
468
0
609
186
183
612
32
425
468
0
610
186
184
610
32
427
460
2
605
189
180
616
38
414
470
0
608
187
181
613
37
415
469
0
605
192
176
610
36
410
475
0
605
195
175
616
38
417
477
0
606
194
174
616
37
415
470
0
611
186
183
613
37
417
467
0
605
192
176
612
40
410
473
0
604
193
177
613
38
411
476
0
607
193
178
614
34
418
474
0
605
192
178
610
37
419
466
0
606
190
177
612
38
412
473
0
609
192
179
610
40
412
472
0
609
191
177
611
35
412
472
0
602
198
172
613
40
414
478
0
603
196
168
617
42
407
476
0
607
194
175
616
42
409
475
0
605
194
174
611
41
408
475
0
606
194
174
614
38
408
477
0
602
203
166
617
43
407
485
0
603
210
149
620
56
389
495
0
597
215
155
617
55
387
493
0
597
223
146
618
61
379
502
0
592
231
140
619
61
376
502
0
594
227
146
619
58
385
504
0
590
229
136
622
64
374
505
1
592
229
143
623
65
374
506
0
591
230
140
618
65
370
507
0
590
232
142
623
62
372
505
0
589
231
140
623
61
377
509
0
588
235
131
621
69
368
511
0
586
236
134
622
70
364
512
0
587
239
134
620
71
365
513
0
586
239
133
621
65
366
509
0
588
237
137
621
65
375
512
0
591
237
128
623
69
364
511
0
588
236
136
623
69
366
511
0
586
235
135
619
68
366
513
0
589
237
134
619
64
367
511
0
587
242
131
620
67
368
512
0
587
239
129
621
71
365
512
0
583
245
128
621
74
358
518
0
583
252
123
627
80
352
522
0
580
257
117
624
78
354
522
0
582
257
120
625
78
357
519
0
585
246
121
623
75
357
517
0
585
247
128
621
75
356
520
0
576
262
115
624
87
339
530
0
574
262
115
625
82
351
524
1
579
259
116
622
79
350
523
0
576
260
110
627
87
345
527
0
576
260
116
624
86
342
528
0
567
282
100
628
100
281
570
1
536
331
62
625
100
279
570
0
537
340
58
627
107
266
577
0
532
339
55
622
111
266
580
0
528
345
57
625
110
269
572
1
524
346
52
621
111
264
576
0
526
347
55
622
112
267
579
0
531
345
55
624
109
252
585
0
516
359
45
623
126
248
589
8
515
360
45
626
122
251
583
0
512
364
43
622
127
247
587
0
520
355
49
622
119
256
581
0
520
364
44
624
127
240
589
8
513
363
44
620
126
245
587
8
512
365
43
623
127
246
588
9
510
365
43
620
126
247
583
0
519
356
49
621
121
256
582
1
520
363
44
625
125
240
586
7
512
364
44
622
127
247
587
7
509
364
44
622
125
249
587
7
514
362
46
623
125
250
583
1
519
357
48
625
119
256
581
2
519
363
46
626
125
242
590
7
514
361
45
620
125
250
585
6
514
361
46
621
124
251
584
6
510
366
42
625
127
245
585
0
518
357
48
626
121
255
582
1
520
362
43
622
125
240
589
7
514
363
45
625
125
251
588
0
515
357
50
623
109
272
570
1
540
314
81
623
70
375
498
0
604
196
184
608
22
453
419
23
620
144
244
582
0
548
299
102
627
66
389
474
0
619
142
251
572
0
565
258
141
615
30
446
416
30
624
113
293
540
0
597
200
200
595
0
543
289
121
618
36
449
402
41
621
76
391
456
14
616
128
288
539
0
603
159
254
555
0
590
189
225
575
0
590
191
226
574
0
588
196
215
577
1
590
181
231
563
0
595
177
247
554
0
607
142
289
525
0
615
103
335
486
9
627
53
448
377
74
616
15
513
296
143
604
0
575
201
232
552
0
613
101
351
463
27
627
49
465
346
104
612
6
562
208
235
545
0
620
81
428
382
86
612
0
583
172
282
515
5
622
39
489
313
146
592
0
599
128
338
458
38
624
14
530
241
211
552
0
622
50
482
304
163
579
0
615
80
446
341
135
593
0
609
97
427
361
122
603
0
610
99
429
362
123
597
0
613
80
453
323
161
580
0
622
45
503
260
221
532
8
624
8
580
138
351
420
87
596
0
617
57
495
264
229
521
18
621
6
582
133
367
397
103
599
0
616
46
509
234
265
486
42
613
0
615
63
491
252
249
495
39
613
0
618
56
504
231
276
468
60
599
0
620
25
548
170
346
401
118
579
0
626
0
600
80
484
245
264
468
69
590
0
626
0
601
77
493
227
296
437
100
587
0
625
0
609
60
519
193
338
400
139
561
12
624
0
614
36
548
153
386
337
201
510
47
596
0
624
0
616
35
552
137
409
305
236
471
85
569
11
621
0
622
13
587
85
504
192
358
351
192
501
65
578
1
618
2
622
0
612
29
570
100
465
235
322
378
183
509
63
576
11
612
0
622
0
621
9
606
34
568
92
504
171
396
293
268
420
154
522
62
575
19
607
0
620
0
620
0
627
1
622
5
612
19
590
57
553
102
480
187
396
279
300
375
209
461
127
536
58
567
30
595
7
601
3
604
1
609
0
610
0
614
0
612
0
612
0
617
1
612
0
614
0
616
0
613
0
609
0
604
2
601
3
598
10
601
4
597
12
599
9
587
19
591
16
593
14
595
13
595
12
598
12
596
13
598
15
595
18
591
19
585
25
580
33
577
41
565
48
555
60
544
75
526
92
508
113
519
102
525
100
527
95
504
122
504
123
501
126
496
127
495
133
486
138
484
150
473
156
466
171
449
182
437
202
416
217
398
241
375
268
348
297
318
328
286
362
251
396
221
424
184
460
153
488
118
521
88
569
37
604
0
625
0
604
24
563
74
504
145
456
192
406
253
347
309
288
374
222
431
165
492
106
537
59
595
6
622
1
595
42
533
123
472
197
394
278
315
358
228
442
148
511
76
590
11
620
0
600
41
530
132
451
225
358
324
253
427
165
505
76
590
0
623
2
563
98
452
233
339
352
217
461
112
552
29
621
0
603
48
509
168
399
297
265
423
141
532
42
611
0
604
48
503
180
378
323
233
459
102
571
11
625
0
572
104
457
246
304
405
147
537
35
620
0
580
97
433
279
265
439
111
570
9
625
13
541
156
390
330
209
496
57
610
0
585
91
427
294
239
476
73
605
0
594
88
429
299
231
486
61
612
0
578
116
420
314
213
506
44
621
0
547
161
366
373
151
553
9
620
38
484
247
273
461
73
615
0
561
150
371
375
146
560
0
610
61
446
300
209
522
28
628
16
516
218
290
459
65
617
0
533
199
303
445
74
614
0
537
190
308
448
70
618
0
530
211
282
473
50
625
10
518
233
259
496
34
622
26
485
278
213
532
8
611
79
400
375
117
596
0
560
178
305
461
49
624
21
482
288
188
554
0
590
133
352
431
72
623
12
496
279
192
559
0
585
144
330
455
47
623
36
449
343
131
594
0
540
230
233
536
0
592
142
329
463
37
620
54
413
390
87
619
18
471
326
134
593
0
518
270
183
575
0
548
230
224
551
0
573
197
248
535
0
577
181
264
529
0
582
183
262
531
1
578
195
244
545
0
569
211
225
557
0
545
251
186
578
0
518
291
144
602
0
472
350
97
622
36
411
418
45
621
91
327
492
7
587
188
235
559
0
524
296
136
611
12
454
384
63
626
82
328
497
0
570
224
189
590
0
463
378
65
621
89
311
518
0
550
270
142
607
18
427
423
35
612
141
269
553
0
505
342
81
621
82
312
524
0
525
313
97
621
73
320
525
0
527
313
94
625
85
297
541
0
499
359
62
618
129
266
560
0
467
402
31
608
182
201
596
11
421
451
7
563
272
116
621
69
315
541
0
480
397
30
599
203
170
608
33
362
509
0
508
368
42
609
188
183
607
36
357
517
0
486
396
24
590
238
132
622
77
285
571
0
414
477
0
517
362
38
601
222
137
622
84
264
580
11
397
496
0
487
411
12
570
295
79
617
178
171
616
69
280
579
13
383
517
1
451
452
0
514
388
18
573
300
66
609
211
131
621
119
229
606
46
302
575
12
370
531
0
417
499
2
447
473
1
475
443
0
497
422
0
512
405
6
527
387
12
551
350
28
574
319
44
587
288
58
598
267
70
603
250
87
608
234
96
615
225
98
611
223
99
611
225
97
612
227
95
613
237
87
609
251
75
602
266
63
593
286
49
586
317
33
568
350
18
546
382
5
503
443
0
445
501
0
375
554
17
321
584
45
266
608
84
203
618
136
159
620
180
116
619
230
75
593
309
29
552
390
0
470
489
0
365
567
36
266
608
102
189
619
171
114
614
256
51
575
365
0
476
492
0
345
580
57
224
617
152
125
618
254
48
563
391
0
443
525
14
306
605
97
160
622
233
58
570
390
0
434
541
23
269
612
135
129
611
279
25
529
452
0
356
590
78
174
619
242
44
549
427
1
369
581
76
172
621
255
35
538
452
0
334
602
112
143
611
296
14
495
502
11
286
617
160
94
581
387
0
384
583
80
152
612
303
10
478
523
27
235
623
219
46
534
465
2
283
617
184
66
552
445
0
307
615
168
75
560
438
0
301
617
177
65
548
457
2
270
621
215
39
518
497
21
236
620
257
17
478
540
49
177
615
325
0
399
589
119
106
582
413
0
298
616
212
35
503
522
42
179
613
341
0
358
609
169
60
528
502
30
195
615
335
0
354
610
179
48
512
524
51
157
602
387
0
294
618
250
12
444
573
114
93
551
483
27
192
611
362
0
301
620
258
5
399
597
165
47
499
544
80
106
568
469
25
193
610
384
0
260
618
320
0
319
618
259
2
381
611
209
21
441
589
151
50
489
558
106
82
529
527
76
100
553
501
53
129
571
476
38
153
588
455
26
168
591
444
21
177
598
437
19
180
599
438
20
176
595
448
26
160
581
462
36
143
576
484
51
118
558
513
74
87
517
555
119
57
479
579
164
28
430
601
223
5
352
620
306
0
262
616
396
12
182
585
474
53
107
537
541
119
52
460
594
209
6
344
623
334
1
210
598
463
51
101
525
559
147
30
416
611
275
0
256
608
433
34
117
537
551
143
26
408
613
298
0
225
597
472
66
74
476
596
229
1
281
612
434
43
103
514
578
193
4
312
617
412
32
110
520
574
194
2
309
616
423
41
95
487
596
243
0
245
594
486
90
43
413
616
339
8
148
541
563
191
0
284
606
465
79
49
417
615
347
12
138
527
574
220
0
241
587
511
123
21
356
615
420
53
69
436
613
344
15
125
508
594
263
0
179
550
564
207
0
228
579
536
170
3
266
593
511
141
8
293
602
495
126
15
318
606
482
114
22
334
613
477
107
23
335
611
477
112
19
322
609
489
127
11
298
597
512
154
2
247
574
548
208
0
189
539
585
275
4
125
484
609
356
34
68
402
615
443
95
19
301
592
528
189
0
187
533
591
307
18
91
424
614
437
97
15
285
583
548
225
0
140
483
610
384
61
35
326
596
529
202
0
151
493
609
385
66
30
310
588
547
236
3
113
445
617
445
115
6
228
542
590
333
42
47
338
595
542
233
5
105
428
616
474
155
0
168
490
613
417
104
9
225
533
602
371
70
19
264
556
587
339
53
31
287
569
585
328
48
33
291
568
581
330
49
31
281
560
588
348
65
19
251
542
597
386
93
6
193
494
615
450
149
0
134
436
613
512
223
13
78
353
585
567
317
52
23
247
528
605
425
136
1
133
426
610
530
261
29
42
283
546
603
409
127
1
134
421
608
543
286
45
26
239
512
613
465
187
8
70
319
562
594
406
133
2
115
388
589
569
346
90
4
144
419
599
555
325
77
8
160
428
600
554
327
80
7
147
412
597
567
353
103
4
121
382
585
582
392
138
6
85
319
550
604
458
204
22
41
241
491
610
528
297
73
10
145
397
584
585
408
162
12
61
268
504
607
523
300
79
7
119
357
562
599
464
228
41
21
177
420
590
584
418
182
22
40
215
452
599
569
397
166
18
44
222
454
595
574
401
175
23
35
201
430
587
584
436
214
42
18
152
375
559
603
492
288
90
10
87
279
490
604
561
396
182
33
26
162
377
553
601
509
317
117
12
59
223
434
576
593
472
274
90
12
72
241
447
581
592
473
279
96
13
62
222
424
569
597
498
317
130
21
41
174
372
537
601
542
388
198
52
17
102
276
465
584
590
485
311
134
27
35
151
334
505
595
574
453
278
112
21
44
164
344
508
595
573
461
292
127
29
34
137
306
474
580
588
504
353
184
58
20
81
217
388
529
595
566
455
298
140
39
27
104
251
416
544
595
557
446
292
143
43
26
94
225
386
517
588
574
483
346
197
78
27
55
154
301
449
555
591
548
448
306
165
64
27
65
166
308
449
551
588
553
463
331
194
85
32
47
123
250
389
506
577
580
522
417
286
160
68
33
59
138
262
395
505
570
577
528
436
315
193
94
42
46
101
202
328
445
536
578
566
506
412
296
183
94
47
48
97
184
299
414
506
565
573
536
459
361
252
152
80
47
57
109
197
304
410
498
554
569
543
483
398
300
202
121
67
53
73
131
214
314
410
492
545
561
544
498
428
342
250
167
103
67
62
88
143
220
310
397
473
526
552
547
516
464
392
314
234
164
108
76
70
90
134
199
274
353
427
487
528
543
535
509
463
402
335
264
198
143
104
84
84
104
142
198
262
330
394
452
496
522
532
525
497
460
410
355
296
239
188
145
117
101
101
116
144
185
233
287
341
391
437
473
498
509
509
499
473
443
405
362
319
272
231
194
163
140
126
122
128
144
166
198
234
272
312
352
389
421
446
466
477
482
480
471
455
434
410
383
353
323
293
265
239
215
196
180
168
162
161
164
173
183
201
220
240
263
287
310
333
355
373
391
405
417
425
431
433
432
429
424
417
407
396
384
372
357
343
329
317
302
290
278
268
258
250
244
239
235
232
229
229
231
232
235
237
243
246
252
258
263
270
277
284
290
295
301
306
311
315
320
324
328
332
337
340
346
350
354
359
363
365
370
372
374
377
378
379
379
379
377
376
373
370
365
360
356
349
342
334
327
318
308
299
290
280
270
261
252
244
237
230
224
217
214
212
211
211
212
217
222
229
238
250
261
275
291
305
322
338
354
370
385
398
410
419
427
433
435
436
433
428
421
410
397
383
364
346
326
305
284
263
243
223
207
192
179
171
164
164
168
176
187
202
221
243
270
296
325
352
380
405
428
446
460
470
474
473
464
451
434
411
385
356
325
293
261
231
203
179
159
144
136
136
141
155
177
203
235
272
310
349
387
422
452
475
488
496
496
484
467
441
410
373
332
290
249
210
175
146
126
116
114
125
145
176
215
259
307
357
403
445
476
499
513
512
500
477
445
404
358
308
257
209
166
133
109
99
102
120
151
194
245
302
361
415
463
497
522
528
519
497
459
412
359
300
241
188
141
108
89
89
103
136
183
242
307
373
431
481
517
536
533
514
477
428
368
301
236
176
127
93
78
84
109
154
216
286
361
430
486
526
545
540
514
471
411
342
268
196
136
93
71
72
99
147
213
291
372
446
504
542
554
539
499
442
369
290
211
142
91
66
67
96
148
224
309
395
470
524
556
553
526
469
397
313
227
149
92
62
61
93
149
231
324
415
492
540
561
548
506
438
352
259
172
103
62
55
83
141
226
326
422
500
550
566
546
493
414
318
220
135
73
49
61
112
195
296
400
488
546
568
552
497
414
313
211
122
65
46
70
132
227
337
441
523
568
570
529
451
352
242
143
71
42
59
116
214
328
440
522
568
572
524
440
333
219
120
57
39
74
150
260
380
486
557
581
551
477
372
254
143
66
36
60
132
244
370
482
559
581
552
472
363
239
128
54
34
72
157
279
409
515
578
579
523
426
302
177
80
34
48
118
235
370
489
568
584
542
446
322
190
85
34
44
115
236
376
498
572
586
531
428
295
164
66
29
59
151
285
426
536
585
570
488
363
223
103
34
38
110
240
387
510
585
583
511
389
243
114
36
33
102
232
385
514
584
583
503
376
226
99
32
38
121
260
416
539
590
565
470
329
178
64
23
64
174
331
479
575
588
523
396
240
103
27
40
132
283
443
558
596
547
425
268
121
34
33
118
270
434
557
597
547
424
262
115
28
35
131
291
454
568
593
527
390
225
84
20
53
171
341
499
591
584
485
328
160
44
21
98
246
424
554
600
540
403
231
83
18
57
185
363
520
598
566
446
275
114
22
41
159
337
504
592
579
462
288
119
23
38
154
337
506
594
572
451
274
106
19
48
179
367
528
599
554
415
230
73
13
72
226
419
563
598
523
358
171
38
22
124
310
494
595
576
449
259
90
12
64
216
416
562
601
514
336
146
25
31
159
358
532
606
548
385
188
42
19
126
320
508
603
560
411
210
53
15
112
304
499
598
566
414
212
51
15
116
314
508
602
556
397
190
38
21
140
349
534
607
536
355
149
21
38
185
403
565
601
492
290
96
11
74
255
469
596
574
423
209
43
17
141
357
543
605
516
317
112
9
66
246
465
599
574
414
196
33
23
167
391
568
601
476
262
68
9
105
324
530
608
522
320
107
8
74
271
492
607
549
363
140
13
58
245
475
599
560
378
149
14
53
239
470
601
561
374
145
12
60
254
486
605
552
352
124
7
70
274
504
609
529
319
97
5
92
312
532
607
503
272
65
9
133
373
572
596
447
207
28
33
212
457
602
561
358
121
4
83
305
533
610
492
256
52
17
174
428
594
575
378
132
6
80
304
535
608
483
238
39
26
204
459
606
551
331
92
5
116
371
573
593
417
160
9
67
289
532
611
478
226
28
36
235
491
609
518
273
50
17
192
456
604
542
308
69
9
160
426
598
557
335
87
4
138
404
593
568
352
99
4
131
399
592
569
353
96
4
135
406
595
564
338
82
6
151
427
605
549
313
65
13
192
466
608
518
257
35
31
248
518
613
469
195
10
73
324
566
596
396
123
1
126
410
601
553
307
56
18
219
499
613
477
200
9
68
325
567
592
379
103
5
160
450
610
515
244
23
51
298
555
594
393
111
2
156
449
614
510
233
18
63
322
571
586
360
83
8
190
483
616
476
186
5
93
372
595
556
297
42
33
272
546
598
389
100
5
182
483
616
467
169
1
118
419
609
523
235
13
75
356
590
561
292
35
43
300
571
587
342
60
22
257
546
599
377
83
11
222
522
605
404
101
5
203
509
613
420
116
3
188
498
610
426
119
3
188
500
616
425
116
4
197
510
613
410
100
8
217
523
603
385
81
13
245
548
593
350
56
28
288
572
578
305
30
54
341
596
544
246
10
96
403
609
498
181
0
149
475
617
430
110
8
223
539
599
347
49
39
318
591
551
249
8
93
409
615
484
159
0
179
508
606
380
65
29
301
583
553
250
7
103
434
614
452
122
5
230
550
587
312
26
71
383
609
491
156
0
194
526
600
337
37
57
367
612
498
163
0
198
531
596
324
28
70
390
612
476
135
5
230
555
582
282
10
106
451
618
412
77
25
315
596
522
189
0
182
526
594
318
22
87
421
619
432
88
20
305
593
525
183
0
196
542
586
284
9
107
464
614
381
50
53
376
612
464
110
15
301
596
522
170
0
221
560
569
241
0
152
513
599
309
13
110
474
611
355
33
80
426
616
406
60
46
375
616
448
89
25
336
608
479
117
17
314
603
491
129
12
303
601
496
133
11
301
605
500
135
11
305
605
495
127
14
315
608
484
115
19
332
611
468
99
24
344
613
455
85
31
363
616
435
69
44
389
617
407
50
65
423
620
375
32
91
460
612
330
11
129
510
590
264
0
174
549
564
210
0
235
584
524
147
10
317
609
457
78
43
395
619
383
30
97
472
602
295
2
160
542
568
204
0
251
595
499
113
30
374
621
395
34
96
476
600
279
0
185
562
546
162
8
310
611
444
62
65
440
614
313
2
161
552
553
172
6
305
612
443
57
72
457
607
288
1
195
574
526
132
24
376
619
368
16
139
538
562
178
8
318
617
419
38
100
503
586
217
0
282
611
446
54
82
476
600
248
0
256
604
463
63
72
465
599
253
0
256
604
460
60
79
476
598
235
0
276
613
437
42
102
517
572
183
9
339
621
375
11
167
565
522
109
46
437
606
264
0
259
607
439
41
109
528
560
156
24
396
618
302
0
229
598
458
50
98
507
571
173
17
386
615
305
0
232
601
450
42
115
538
549
131
41
438
606
241
0
305
621
373
6
174
578
489
68
82
499
572
164
22
412
613
262
0
294
620
374
4
187
590
469
48
110
542
538
108
60
477
582
176
18
406
610
248
0
319
621
337
0
232
607
418
17
172
584
473
47
118
552
518
80
77
505
561
130
49
469
583
172
26
430
601
212
10
392
613
246
0
344
618
293
0
297
622
337
0
254
618
377
0
215
608
408
8
186
596
438
19
176
591
442
23
174
591
443
20
173
596
442
21
176
596
438
17
187
600
426
11
203
605
409
6
201
608
406
5
205
605
401
3
214
614
387
0
235
616
368
0
250
615
345
0
281
622
315
0
311
621
284
0
348
615
246
4
387
608
204
20
447
581
143
57
503
549
90
93
543
506
51
140
587
440
11
216
612
363
0
284
623
292
0
359
612
218
20
448
580
129
72
528
515
53
140
591
427
4
226
619
337
0
322
617
231
14
444
581
123
80
542
499
38
173
605
386
0
281
620
273
3
399
596
153
60
522
519
47
158
603
392
1
289
619
255
11
443
577
110
99
561
464
15
228
621
305
0
379
602
161
60
529
504
33
188
611
343
0
357
607
177
53
520
512
37
186
613
336
0
361
608
164
62
531
493
23
218
620
300
0
413
584
114
107
583
413
0
292
618
215
33
501
524
41
188
618
320
1
401
587
114
118
591
393
0
323
614
176
61
543
474
10
259
621
236
27
497
521
35
207
622
282
9
442
560
71
150
608
338
0
395
584
101
132
605
356
1
381
590
113
123
602
364
0
382
589
110
128
599
354
0
395
581
95
131
602
345
0
405
578
84
144
608
323
0
428
561
62
171
617
292
10
482
523
28
236
622
221
45
539
463
0
292
617
164
88
576
401
0
371
590
94
141
609
309
7
462
534
30
233
623
208
57
556
432
0
346
596
109
145
613
294
16
498
498
9
271
615
163
94
586
369
0
418
562
47
211
621
214
60
562
415
0
377
573
64
188
624
232
49
554
426
0
383
577
64
191
619
223
56
561
408
1
400
562
49
217
621
192
80
584
364
0
445
531
21
274
617
135
134
615
269
34
543
427
0
388
568
47
227
618
170
104
610
297
23
528
444
0
381
572
48
230
619
159
114
611
275
36
549
413
0
420
544
22
287
609
104
174
620
200
85
592
329
13
517
452
0
392
557
32
268
614
109
171
624
197
90
595
311
21
540
420
0
430
528
10
324
590
66
221
617
141
144
623
207
88
596
305
29
548
400
0
462
499
0
354
575
37
268
610
93
187
624
160
132
622
215
86
599
294
37
564
371
4
496
460
0
413
536
7
326
584
48
259
610
91
195
621
135
163
620
168
135
622
197
108
620
223
87
605
273
55
583
321
28
561
362
10
535
401
0
490
459
0
439
506
0
386
545
8
333
573
29
305
585
42
278
596
58
253
607
74
235
611
85
216
618
97
201
619
108
213
617
97
201
615
100
221
613
84
219
613
87
215
610
85
221
615
80
230
612
77
233
611
72
243
608
62
257
599
54
271
594
45
288
588
35
307
580
24
334
564
13
358
549
3
360
544
3
371
538
0
380
536
0
398
520
0
415
504
1
430
490
0
451
471
0
469
449
0
495
426
0
516
400
9
534
369
21
570
313
51
601
249
97
620
180
158
622
103
243
597
41
313
566
6
365
533
0
414
498
0
462
452
0
514
392
15
566
303
62
605
218
132
620
113
239
598
32
339
550
0
407
496
0
474
431
0
534
358
34
596
249
107
621
123
232
596
30
345
538
0
431
469
0
510
382
25
587
257
106
620
119
246
591
22
373
513
0
472
422
7
552
319
64
614
185
173
615
55
311
554
0
427
465
0
530
349
47
609
198
166
617
56
321
546
0
448
442
4
554
309
75
622
143
227
594
17
392
492
1
515
358
47
609
187
181
607
36
356
516
0
501
375
39
605
196
177
612
35
361
509
0
507
358
50
609
171
205
597
18
400
475
0
546
308
86
620
117
268
564
0
448
428
17
593
223
159
614
36
370
493
0
535
317
89
622
106
290
549
0
477
390
39
612
163
225
587
3
425
440
12
590
209
180
603
18
414
450
12
586
216
178
603
16
418
440
17
593
198
196
594
8
423
439
21
601
185
211
586
0
445
414
31
608
160
242
569
0
478
376
58
616
117
294
537
0
523
314
101
621
47
369
480
4
577
228
178
599
5
435
415
34
612
133
283
540
0
524
296
121
616
30
409
440
25
611
149
271
547
0
528
299
120
616
26
419
422
36
614
121
306
517
0
558
244
172
594
1
458
375
68
625
76
341
492
6
584
202
223
568
0
510
311
117
612
17
443
387
64
625
73
351
476
13
603
145
283
526
0
564
223
202
576
0
513
303
134
608
7
456
371
80
621
47
395
429
40
621
84
343
476
16
610
124
318
495
9
592
164
273
528
0
578
196
242
546
0
562
225
213
560
0
550
237
201
568
0
539
255
190
574
2
533
256
188
576
0
532
250
193
569
0
545
239
205
562
0
555
221
226
553
0
570
196
253
533
0
590
159
293
493
15
616
96
345
453
39
620
61
401
404
72
620
26
451
347
118
606
0
513
275
184
569
0
564
201
258
518
6
603
125
347
446
47
621
41
433
363
112
607
0
517
262
202
553
0
579
160
309
472
36
625
49
428
365
115
600
0
529
236
230
530
5
605
109
373
414
77
619
11
501
268
204
548
0
594
129
354
429
69
623
10
504
266
220
536
5
609
101
395
386
104
599
0
544
205
274
490
29
624
38
458
310
173
562
0
590
124
370
405
92
614
0
522
232
261
500
30
625
33
470
295
193
544
5
606
85
393
375
123
589
0
579
139
361
407
99
611
0
549
189
305
448
66
617
1
521
224
270
482
44
622
11
517
227
276
476
51
620
5
506
237
263
486
48
625
6
513
229
272
474
52
618
0
528
206
299
450
74
613
0
550
170
342
411
108
584
0
595
101
421
322
188
538
16
625
20
511
223
289
454
75
612
0
562
150
368
377
146
559
0
616
54
465
273
243
488
55
619
0
554
154
367
374
149
557
10
622
22
517
202
321
417
114
578
0
608
58
460
262
260
466
75
608
0
580
110
427
300
228
492
56
612
0
577
112
426
295
234
485
64
611
0
582
103
441
284
246
471
76
605
0
592
82
438
283
252
465
85
598
0
600
65
464
251
286
432
113
567
8
620
18
531
165
380
340
203
502
56
614
0
595
72
460
248
294
420
128
553
19
621
0
561
125
430
280
265
441
112
564
12
626
0
564
117
441
265
286
420
136
547
28
622
0
580
88
449
252
301
403
155
531
44
616
0
605
48
500
190
369
334
224
468
97
588
0
624
12
559
115
454
240
321
371
193
493
78
591
0
618
13
557
109
464
225
342
348
219
467
105
554
28
620
0
598
47
510
166
405
278
292
395
176
495
83
588
5
621
0
565
95
458
222
353
334
241
440
138
528
56
601
0
618
6
552
104
483
188
390
288
296
383
196
472
113
542
44
606
1
621
8
559
102
502
171
423
259
334
349
241
434
156
505
83
578
13
614
0
609
17
558
82
483
179
410
250
336
329
256
401
186
471
120
526
70
593
14
622
0
618
14
577
69
509
145
451
204
392
263
329
329
271
387
211
445
160
491
107
536
71
587
22
620
0
626
3
586
57
533
112
496
154
452
194
411
239
363
280
321
328
276
367
238
410
196
439
166
475
131
507
98
559
49
595
16
614
0
622
0
606
23
576
59
532
104
509
128
486
151
462
175
437
193
422
219
398
235
384
259
364
272
348
292
330
305
319
322
303
327
300
343
285
356
272
368
259
377
247
385
237
393
228
399
223
405
224
405
221
410
224
406
220
407
227
401
226
399
234
390
237
386
244
382
250
378
257
370
265
362
274
350
285
337
296
316
316
302
332
281
356
265
373
243
397
224
416
200
441
181
460
159
481
140
502
121
519
99
515
104
536
77
533
78
532
76
530
77
529
73
534
74
536
63
550
58
549
57
556
48
562
44
561
40
571
36
574
28
584
24
589
17
598
12
604
6
599
6
595
10
602
2
596
9
592
16
603
6
599
10
610
2
603
4
604
7
599
10
611
1
606
1
605
2
608
0
609
0
607
0
609
0
609
0
613
0
611
0
616
0
615
0
614
0
617
0
621
1
616
0
624
0
623
0
623
0
629
0
623
0
623
0
620
6
613
13
596
43
567
78
529
131
452
221
361
319
261
419
166
506
83
553
42
592
8
603
0
618
0
624
0
624
0
623
0
618
16
589
60
543
118
458
230
342
347
225
469
108
558
29
597
0
611
0
623
0
622
0
620
17
590
66
536
136
433
265
299
395
170
514
60
575
10
612
0
625
0
622
15
589
71
527
153
404
296
264
435
124
555
27
604
0
624
0
625
9
603
45
550
126
432
275
277
427
132
553
23
607
0
625
0
617
24
571
105
452
251
295
418
136
549
25
608
0
627
0
618
32
560
121
430
283
255
454
99
557
14
618
0
624
12
580
95
491
217
318
402
144
549
20
614
1
626
14
578
104
444
276
260
457
91
565
5
616
0
624
16
573
120
417
305
227
496
57
592
0
626
0
611
54
523
197
333
399
138
558
10
622
0
615
51
531
183
346
389
141
559
8
619
0
618
38
540
172
354
385
143
560
4
618
0
617
45
529
188
331
408
113
582
0
626
0
598
81
484
250
257
477
59
597
0
620
22
557
160
351
398
125
579
0
627
10
568
139
370
380
137
571
0
622
8
590
107
405
347
163
555
2
621
0
601
88
459
288
214
523
18
620
0
598
93
454
300
202
531
12
622
7
584
118
382
377
128
580
0
623
30
532
205
292
464
56
604
0
610
71
477
279
214
533
14
626
14
553
179
314
456
60
609
0
614
76
466
296
193
553
0
625
18
548
201
286
479
42
619
0
593
114
379
397
102
603
0
613
82
456
317
166
568
0
627
35
507
255
222
532
4
626
15
543
211
260
507
19
626
21
532
227
248
520
12
623
28
519
252
221
541
2
623
25
522
242
227
542
0
623
28
516
257
211
548
0
627
39
497
280
188
565
0
624
58
465
324
146
589
1
610
103
374
423
60
613
0
580
166
296
491
20
627
33
500
286
175
580
0
614
95
417
388
88
607
0
593
148
311
484
21
626
36
493
303
147
596
0
599
132
324
474
24
622
40
481
318
138
604
0
590
162
288
510
6
623
44
475
332
122
608
0
580
186
259
532
0
619
76
428
389
70
615
8
551
232
206
569
0
607
131
313
497
10
621
80
416
405
61
621
19
506
301
131
610
0
568
215
220
564
0
608
138
300
512
0
624
79
413
414
51
621
38
470
357
86
617
12
514
299
127
610
7
546
257
169
594
0
574
223
201
584
0
582
197
225
567
0
595
166
256
552
0
600
156
266
545
0
606
145
278
541
0
605
147
267
545
0
609
150
262
550
0
600
180
234
570
0
588
199
212
580
0
571
225
185
594
0
554
259
154
611
13
494
345
82
617
31
459
388
52
625
61
416
438
21
623
107
311
528
0
610
159
245
572
0
576
231
170
607
11
496
353
66
625
55
413
442
16
617
121
281
550
0
591
211
177
602
11
490
367
57
624
70
387
478
0
617
133
261
566
0
567
257
131
619
42
430
445
14
614
147
244
576
1
556
287
106
624
67
389
481
1
615
154
230
587
0
532
322
79
625
65
385
487
0
607
180
200
599
13
469
403
25
619
144
232
587
7
519
346
59
627
101
286
561
0
553
301
88
622
68
371
506
0
597
227
150
622
52
394
488
0
601
203
159
618
47
401
483
0
606
201
170
616
46
403
480
0
602
203
164
616
48
398
484
0
601
210
160
615
46
402
481
0
600
212
156
619
48
399
484
0
601
210
154
620
52
394
489
0
604
209
162
617
51
396
487
0
595
229
144
622
60
380
500
0
595
222
147
619
56
387
496
0
600
231
142
621
61
381
500
0
594
223
140
623
60
380
501
0
595
225
146
623
62
377
501
0
592
233
137
622
63
375
504
0
594
228
144
623
58
384
497
0
598
234
138
619
62
376
504
0
592
227
138
622
62
376
504
0
592
226
143
619
63
376
506
0
591
236
138
624
64
376
505
0
594
228
141
619
58
382
498
0
599
237
135
623
64
374
505
0
593
229
135
622
63
373
506
0
591
231
142
624
66
372
508
0
584
247
128
624
72
363
514
0
589
240
133
623
67
371
508
0
588
245
125
624
70
361
513
0
586
240
126
622
72
363
516
0
587
240
132
626
72
363
516
0
584
251
124
623
73
361
515
0
585
252
122
626
74
358
516
0
584
252
122
625
75
359
517
0
584
245
122
625
75
357
518
0
584
246
129
627
75
358
518
0
581
253
121
622
75
356
520
0
581
252
122
625
76
357
516
0
584
252
120
621
74
359
517
1
584
244
122
623
74
361
516
0
589
243
131
626
73
362
515
0
584
255
121
626
77
356
520
0
578
254
121
623
74
358
519
0
584
253
122
621
76
359
519
0
580
252
114
626
80
351
534
0
575
267
112
625
90
337
532
0
569
274
103
624
91
335
535
0
567
285
98
624
66
370
507
0
593
240
133
622
66
371
509
1
590
233
134
624
67
370
508
0
590
231
138
622
66
368
509
0
589
243
131
622
69
368
510
0
590
236
136
619
61
375
505
0
591
243
132
626
68
371
508
0
593
232
134
620
66
370
507
0
591
234
139
624
67
369
509
0
587
241
132
625
67
371
508
0
590
231
141
619
60
380
501
0
595
236
136
624
63
376
504
1
591
233
133
625
67
372
513
0
587
238
134
621
70
366
512
0
585
245
129
626
68
367
510
0
581
248
126
622
70
363
512
0
587
246
128
623
70
366
512
0
588
236
130
624
69
367
521
0
582
251
124
623
78
353
522
0
580
257
118
623
77
355
517
0
575
262
115
624
80
352
523
0
585
260
116
627
79
352
522
0
578
257
114
624
83
347
531
0
574
262
113
625
82
349
522
0
580
260
117
622
81
353
523
0
579
258
117
626
84
346
526
0
580
264
113
627
81
327
541
0
567
281
97
622
66
371
513
0
587
238
136
624
67
372
507
0
584
245
129
620
69
367
512
0
589
243
131
623
71
362
515
0
584
256
119
625
76
333
536
0
572
271
105
628
93
336
538
0
572
274
104
627
89
337
534
0
567
281
99
622
66
372
507
0
589
238
132
623
70
363
513
0
591
246
128
622
71
359
516
0
585
251
116
623
79
352
528
0
580
259
119
623
78
353
519
0
580
257
119
624
77
353
522
0
582
258
119
626
84
347
526
0
578
270
109
625
87
332
536
0
574
269
108
626
87
342
534
0
572
269
110
625
86
343
530
0
569
275
106
624
97
330
538
0
566
280
100
627
100
279
568
1
540
325
68
623
94
321
541
0
565
281
99
624
65
372
512
0
586
247
127
625
72
365
512
0
582
247
125
624
70
363
513
0
583
246
127
625
80
351
521
0
580
259
117
626
79
344
530
0
579
260
114
627
86
346
533
0
576
264
111
624
82
346
526
0
577
264
112
623
83
348
526
0
579
259
115
622
86
343
529
0
577
276
106
626
91
329
539
0
572
273
104
623
88
339
534
0
578
259
121
624
69
370
502
0
596
214
164
618
38
425
452
7
623
138
247
581
0
540
310
88
622
57
395
470
0
616
141
247
574
0
554
283
117
621
54
406
454
9
621
115
285
550
0
583
219
179
602
10
496
357
68
626
57
413
441
18
620
111
299
533
0
606
165
244
568
0
582
217
192
595
0
558
252
161
605
10
508
328
101
620
35
461
379
57
619
41
451
399
49
625
46
449
395
58
626
39
455
379
70
621
24
484
339
99
608
8
546
252
178
591
0
587
189
243
560
0
611
125
313
499
5
621
62
424
398
67
619
16
514
292
152
600
0
585
178
264
530
0
623
69
438
384
82
611
0
571
201
244
537
0
621
70
439
365
99
603
0
594
148
304
495
19
625
42
487
306
155
590
0
604
113
359
440
54
619
4
574
179
284
498
17
626
28
508
265
200
560
0
621
48
488
291
180
566
0
621
49
486
286
174
569
0
624
49
490
283
196
553
0
626
31
521
240
238
521
13
624
22
536
213
270
498
29
624
0
589
138
357
413
91
597
0
620
56
493
269
223
524
16
623
10
562
163
337
424
88
587
0
618
32
528
206
296
460
66
601
0
620
43
522
214
290
458
68
595
0
621
33
536
189
322
425
101
596
0
623
16
560
144
370
373
146
562
4
618
0
616
52
520
201
320
417
113
584
0
624
0
606
65
508
210
314
426
114
579
0
618
0
618
36
545
162
371
357
178
540
27
613
0
622
19
574
112
433
293
243
468
81
569
6
615
0
624
9
604
59
530
165
378
338
207
494
62
580
0
616
0
621
6
608
43
552
134
424
282
272
438
122
557
22
611
0
623
0
618
21
584
82
516
166
398
299
260
433
127
545
35
597
0
615
0
624
0
622
7
614
29
578
83
523
149
423
267
304
382
193
490
93
545
45
586
9
606
0
611
0
622
0
623
0
625
0
624
0
622
6
619
13
603
37
577
67
547
102
489
176
412
254
335
340
253
416
179
488
111
541
57
562
38
578
21
594
8
591
12
604
4
604
6
599
11
603
3
597
8
588
15
595
10
600
7
589
17
595
15
599
10
600
7
590
20
590
20
589
22
594
17
590
21
588
22
587
26
585
28
581
36
572
43
562
52
550
69
534
85
520
105
527
92
510
114
514
105
518
103
521
97
499
127
498
131
493
138
487
145
479
154
468
164
461
172
447
187
438
200
420
221
405
239
383
262
362
281
333
311
307
336
274
369
241
404
206
440
170
476
134
509
100
534
70
580
22
608
0
623
0
599
29
558
84
495
158
445
213
386
273
328
331
263
396
204
453
142
511
90
576
27
616
0
617
6
564
83
483
177
410
258
327
344
242
431
158
502
89
583
16
619
0
603
28
543
110
473
200
380
297
284
401
178
491
91
584
9
621
0
576
75
478
201
370
318
253
435
141
532
51
612
0
616
25
538
132
434
255
305
389
178
505
67
606
0
618
24
536
144
425
276
278
420
144
537
35
617
0
596
72
471
233
328
383
170
520
48
611
0
591
74
459
248
297
417
139
552
23
626
0
561
127
420
296
247
465
86
599
0
606
62
471
248
295
428
114
570
4
620
30
505
208
323
405
130
562
10
627
17
528
175
355
379
149
553
10
624
16
522
190
333
406
124
570
0
610
58
458
278
237
492
46
620
0
541
178
338
409
115
582
0
599
92
407
343
167
550
5
613
57
453
296
208
524
24
623
24
501
245
258
488
41
621
6
501
243
250
497
35
626
19
504
244
253
500
29
623
24
485
269
218
524
13
617
48
451
319
173
561
0
596
112
385
390
109
596
0
551
187
294
474
40
625
30
469
308
174
562
0
590
138
342
437
60
624
18
488
289
184
567
0
581
157
318
465
39
620
42
435
349
122
596
0
526
248
216
551
0
587
156
308
481
28
621
66
390
410
73
624
26
456
341
124
603
1
503
288
164
581
1
536
246
201
565
0
553
226
222
556
1
563
212
232
551
0
565
209
231
548
0
561
220
220
561
0
542
249
192
575
0
522
279
155
592
0
489
324
117
615
12
470
357
93
624
41
402
429
38
619
93
320
500
0
581
204
219
572
0
513
307
120
615
16
440
397
52
622
90
316
511
0
566
239
178
594
3
452
393
51
618
98
299
527
0
539
280
135
613
26
424
429
29
607
154
251
557
0
491
351
71
622
99
291
543
0
512
337
84
622
91
295
541
0
505
347
69
621
106
298
542
0
499
361
57
617
130
261
562
0
462
404
29
602
188
203
600
15
418
453
7
565
274
113
620
69
306
542
0
476
398
28
598
206
168
612
40
358
514
0
502
375
40
604
199
173
613
43
345
528
0
480
407
19
583
243
122
620
84
272
570
3
396
490
0
503
387
25
588
244
116
623
100
262
581
11
391
498
0
485
415
16
575
292
76
614
176
171
615
68
281
578
13
385
516
0
456
457
0
517
390
17
573
303
63
606
221
122
623
125
217
607
51
295
576
17
362
536
0
400
509
0
436
480
0
462
455
0
490
432
0
515
406
4
522
388
9
533
379
12
556
351
25
571
322
40
584
301
51
593
284
58
599
267
69
603
262
80
607
252
81
608
251
81
605
257
76
605
262
66
597
277
56
591
299
46
583
320
33
571
346
19
552
378
5
507
437
0
452
493
0
390
544
11
346
574
32
289
598
65
229
614
107
192
622
144
154
625
186
113
620
234
73
591
314
24
547
396
0
466
491
0
360
572
40
262
612
108
186
625
176
111
615
255
51
572
369
0
473
496
0
349
583
58
220
620
156
120
612
262
42
556
396
0
435
533
20
292
607
108
167
623
225
64
574
378
0
440
533
21
279
616
129
140
616
270
35
541
437
1
369
581
68
184
622
225
54
561
416
0
389
572
64
189
622
231
45
547
432
0
353
591
95
147
616
293
17
503
497
9
268
621
171
81
575
401
0
373
590
95
140
611
320
6
446
550
48
201
623
258
24
505
499
15
262
624
204
54
541
465
4
276
620
194
55
540
462
2
271
620
209
45
529
487
13
256
620
228
31
506
507
26
215
618
275
12
464
547
62
163
612
343
0
376
599
135
90
564
446
4
256
624
256
15
465
554
73
139
601
384
0
311
616
210
31
492
532
56
153
603
376
0
317
617
219
28
480
549
74
126
587
420
0
253
624
292
0
386
603
168
52
509
530
61
134
589
424
2
236
621
324
1
336
618
231
16
445
579
131
71
525
519
59
129
578
446
14
211
612
367
0
275
623
311
0
327
619
260
0
375
612
216
14
429
596
171
37
474
574
265
278
288
195
143
142
185
261
354
445
519
561
564
532
465
378
277
178
100
52
43
74
139
232
339
439
515
559
565
527
463
373
271
175
99
55
49
81
150
244
350
449
522
565
565
528
458
368
267
170
95
53
51
86
154
252
358
455
530
567
566
525
452
360
258
164
90
53
52
91
164
261
367
462
532
565
562
520
446
351
250
157
86
51
54
95
169
270
375
469
534
570
558
513
440
345
244
151
83
50
57
100
180
280
386
478
542
570
558
508
432
335
234
144
77
48
59
107
189
291
395
485
548
569
555
502
423
324
223
134
72
47
64
114
200
302
405
493
550
568
550
494
412
313
213
125
68
47
66
122
210
313
417
501
553
570
547
488
402
302
203
118
64
48
71
130
220
324
427
506
558
567
541
479
391
290
192
110
60
48
76
142
232
337
437
517
561
570
536
469
380
279
181
104
57
49
81
148
244
349
447
524
565
565
527
460
369
268
172
95
53
51
87
156
252
358
453
526
565
565
525
453
360
259
166
91
53
53
90
164
261
365
461
531
569
563
521
445
354
252
158
88
51
54
95
170
267
373
467
537
570
563
517
442
348
246
154
84
51
55
99
173
275
379
471
538
569
558
511
434
339
239
147
80
49
58
104
184
285
389
481
544
571
555
507
426
329
227
140
76
48
62
111
196
298
402
490
552
572
549
497
414
317
216
130
69
47
64
118
205
308
412
498
553
570
549
488
406
306
208
122
66
48
70
128
218
321
423
505
558
567
541
479
394
293
195
112
62
49
76
136
228
334
434
514
558
566
537
470
383
281
185
106
59
50
82
147
239
346
445
521
562
566
531
462
372
271
174
99
56
51
84
153
249
354
451
525
562
567
526
456
364
263
168
94
53
53
90
160
258
364
459
532
569
560
523
448
355
254
161
89
52
53
94
166
266
370
465
533
568
561
516
443
350
248
154
85
50
55
98
173
272
377
470
538
568
559
513
436
341
241
149
81
50
57
103
182
284
388
480
543
569
555
507
428
331
230
140
76
50
60
110
193
296
400
488
549
569
553
497
416
317
217
130
70
47
65
118
205
308
411
497
550
567
549
489
407
308
208
123
67
48
67
127
216
320
421
504
558
567
544
482
395
295
197
114
62
48
75
136
228
333
433
513
561
566
538
474
385
284
187
107
59
49
80
144
238
344
443
521
561
565
532
463
373
272
176
99
57
49
83
151
245
353
449
524
564
564
526
456
365
264
169
94
54
51
87
158
255
360
456
530
565
562
523
451
359
258
164
91
53
54
92
163
261
367
463
531
567
560
520
445
353
251
158
88
51
54
97
169
268
373
468
537
570
562
516
440
345
245
151
83
52
56
100
179
280
385
478
542
570
556
508
430
332
232
142
79
50
60
109
190
292
398
487
545
567
551
499
419
322
221
133
72
50
64
116
202
304
408
494
552
571
549
491
408
310
211
124
67
48
68
124
213
317
420
503
554
571
545
484
397
298
199
115
63
48
73
134
225
330
431
511
558
570
540
474
386
286
187
108
60
50
79
144
236
341
441
517
561
568
530
466
376
275
177
101
57
50
84
153
248
353
451
524
565
567
524
455
364
263
168
94
54
52
90
161
258
363
460
531
567
561
521
448
356
253
160
89
52
53
94
166
264
371
464
534
568
559
515
443
349
248
155
86
51
55
99
173
273
377
471
539
569
557
513
436
341
240
149
80
51
57
102
184
284
389
480
541
569
555
505
426
330
230
140
76
48
62
111
195
296
400
489
548
568
548
496
417
319
218
131
71
48
65
119
205
308
411
497
553
571
548
490
406
307
208
122
66
48
71
126
217
320
423
504
556
570
542
481
396
295
196
114
62
49
75
135
227
332
433
511
558
569
534
471
384
283
186
107
58
50
80
145
239
344
444
521
563
568
529
465
372
274
175
100
55
52
86
155
250
357
452
525
563
564
523
454
361
259
167
92
53
53
91
161
260
365
460
533
564
562
518
446
354
251
159
88
52
54
95
168
267
373
467
534
570
562
517
442
348
246
153
86
51
56
100
178
278
383
475
539
570
557
511
433
338
237
146
79
49
58
106
187
289
393
482
543
569
556
504
425
326
226
137
75
49
63
114
198
299
404
491
547
569
549
494
413
315
214
128
69
49
67
121
208
312
415
499
552
571
546
488
402
303
204
121
66
47
71
129
219
324
425
507
558
570
541
479
392
292
194
112
60
48
77
139
231
336
436
515
560
569
533
470
381
280
183
105
57
50
82
149
243
350
447
523
565
567
529
460
369
269
173
97
56
51
86
155
252
357
453
528
569
566
525
454
362
261
166
93
53
52
91
162
260
365
460
530
569
563
519
447
352
250
158
87
51
54
96
170
268
374
467
535
570
558
516
440
346
245
153
85
51
56
100
179
279
384
475
541
571
556
508
432
336
236
145
79
50
59
107
189
289
394
483
543
566
556
503
422
324
224
136
72
47
63
114
200
301
405
492
552
571
551
494
412
314
214
127
69
49
67
123
210
313
415
500
556
567
543
484
401
302
203
119
64
48
71
131
220
326
426
505
559
566
538
476
390
290
191
111
60
50
78
140
232
339
437
516
562
564
534
467
378
277
181
103
57
50
84
151
247
351
450
523
563
564
526
459
367
266
170
96
55
52
87
158
254
360
455
527
567
563
521
448
358
258
163
91
52
53
93
165
263
368
464
532
567
561
516
443
350
247
155
87
51
55
98
173
272
377
470
539
571
558
513
439
344
241
149
82
51
57
102
181
281
386
478
540
571
557
506
429
333
232
142
77
49
60
109
191
292
397
486
545
570
555
499
419
321
221
134
73
48
64
116
202
304
408
494
550
572
549
494
408
310
211
127
69
48
69
125
212
316
418
503
557
568
542
482
398
298
200
117
63
49
72
133
223
328
430
511
561
568
537
475
387
287
190
109
60
49
79
142
236
341
441
517
560
567
530
464
375
274
178
101
56
51
85
152
248
353
451
525
566
564
524
458
365
264
168
94
56
53
89
160
256
362
458
531
566
562
522
448
356
254
161
90
52
54
94
167
266
371
465
536
567
561
515
442
348
246
154
86
52
55
100
178
276
383
475
541
567
558
508
432
336
235
144
78
50
59
107
188
288
393
484
547
569
553
500
422
325
224
137
75
50
64
114
200
301
405
493
551
571
550
495
412
314
214
128
68
48
67
121
208
311
413
499
553
570
544
487
403
305
205
121
65
48
72
129
220
323
424
506
555
570
540
479
394
294
194
112
62
49
76
138
229
334
434
514
561
569
536
471
383
282
185
107
58
50
81
146
240
345
444
519
564
565
531
463
372
270
174
99
57
51
85
152
248
354
450
526
564
565
523
455
364
264
168
94
54
52
88
161
258
362
458
529
567
563
520
449
355
254
161
89
53
56
95
168
267
371
465
535
566
562
518
442
348
246
154
85
51
55
99
174
273
378
471
539
570
556
511
437
342
242
149
82
54
59
104
184
285
389
480
544
567
557
505
427
329
229
140
75
48
62
111
195
296
400
489
547
568
549
496
416
318
219
131
72
49
66
120
205
309
412
499
554
571
546
489
404
306
206
121
65
48
70
127
216
320
422
504
558
568
540
481
394
295
196
114
62
50
76
137
229
335
435
515
560
566
537
471
382
281
184
106
58
50
81
147
241
347
446
522
563
565
528
461
370
268
173
97
56
52
87
155
249
356
453
525
567
566
523
455
363
261
167
93
54
53
90
162
259
364
460
529
565
562
520
446
354
253
160
88
52
55
94
169
267
372
467
537
565
562
516
441
348
245
153
85
51
56
100
179
278
382
475
541
568
557
508
431
336
235
144
78
51
60
107
189
289
394
485
544
570
552
501
421
324
224
136
74
48
63
115
199
301
405
493
552
569
551
494
411
312
213
127
69
49
68
123
211
314
417
502
553
571
545
486
400
301
201
119
64
47
73
133
222
327
427
510
557
571
538
475
389
288
191
109
60
50
78
142
235
339
439
517
560
565
531
467
377
277
180
102
57
50
84
151
246
351
450
524
563
564
528
458
366
265
169
95
55
53
88
159
255
360
457
527
565
565
519
450
358
256
161
90
53
55
94
167
265
370
465
534
568
561
518
443
350
247
156
86
51
56
97
173
272
377
470
538
570
558
512
438
343
241
150
83
51
58
103
184
283
388
478
541
572
558
507
429
332
231
140
77
50
60
109
192
294
398
486
547
566
555
501
416
321
220
133
72
49
64
117
202
306
408
496
551
569
548
490
408
310
210
124
67
49
69
126
213
317
420
502
553
567
542
482
398
298
200
117
64
49
73
134
224
328
430
509
558
569
539
474
385
287
189
108
59
50
79
143
235
341
441
517
563
565
529
464
375
275
178
102
56
52
86
152
250
355
451
524
566
565
525
456
364
264
168
94
54
52
89
158
256
361
457
530
565
564
523
449
356
256
162
90
53
55
94
168
266
371
465
535
569
563
517
442
348
246
155
85
51
56
99
173
272
378
471
536
567
560
512
438
342
240
150
82
51
57
103
183
284
388
479
544
569
556
507
429
332
232
142
77
50
61
110
192
294
397
486
548
567
554
497
418
321
220
133
72
49
65
116
202
305
408
493
552
568
548
492
409
309
209
125
67
49
69
125
214
317
420
505
555
566
542
482
397
297
199
116
63
48
74
134
224
329
429
509
560
569
537
475
387
288
190
108
59
50
80
144
237
342
441
518
561
568
533
466
375
274
178
102
57
51
86
154
249
354
452
527
561
562
525
456
364
263
167
94
55
51
90
160
257
362
458
531
568
560
519
448
356
254
161
89
52
54
95
168
266
371
465
533
568
559
515
443
348
247
154
85
52
55
99
173
273
379
472
539
568
557
510
436
341
240
149
81
53
58
104
185
285
389
480
544
567
554
506
426
331
229
140
76
50
61
111
194
296
399
487
549
570
550
499
417
319
220
133
71
49
65
118
204
307
410
498
552
568
544
490
407
307
209
124
66
50
70
127
215
318
421
504
556
567
543
483
396
296
197
115
63
49
74
136
226
331
431
511
558
565
538
472
384
285
188
107
59
50
79
145
239
343
443
519
563
566
530
464
372
272
176
100
56
51
86
155
249
356
454
525
566
563
523
454
362
261
166
93
53
53
91
162
258
364
459
530
565
564
519
449
355
253
159
89
52
54
95
169
267
373
467
534
566
559
513
440
347
245
153
85
51
58
101
178
279
384
476
541
567
554
509
431
337
235
144
79
50
60
107
188
290
394
484
545
570
552
502
423
325
225
136
73
48
62
114
199
300
402
491
550
567
550
496
412
315
215
130
70
48
67
121
208
311
414
499
553
570
544
489
404
304
206
121
65
48
71
130
219
322
424
507
555
570
540
478
393
293
195
113
62
49
76
137
229
334
434
512
560
566
536
471
383
283
186
105
59
50
81
146
240
345
445
519
563
564
528
461
372
271
175
99
56
51
85
152
247
351
451
524
564
564
526
456
364
263
167
94
54
53
90
159
257
362
459
528
567
564
519
449
356
255
161
89
53
55
93
168
265
370
465
534
566
562
516
442
348
248
155
86
51
57
99
173
273
377
471
538
567
558
513
437
341
239
149
81
50
57
103
183
284
387
478
543
568
554
504
427
331
230
141
77
50
62
112
193
295
399
488
549
571
551
498
417
318
219
131
72
49
65
118
206
306
411
497
553
570
547
488
406
306
207
123
68
48
70
127
217
320
423
505
558
569
540
481
395
296
197
114
63
50
75
136
227
332
432
514
562
569
536
471
384
284
186
106
57
49
80
146
240
344
443
520
564
567
530
463
372
272
176
100
57
52
85
156
252
356
454
528
564
566
525
453
361
259
164
93
54
53
91
162
259
365
461
531
566
562
520
446
353
252
158
88
52
54
96
170
269
374
467
538
566
560
513
439
345
243
152
84
51
58
101
180
281
386
477
543
571
558
509
432
334
233
143
79
50
60
109
190
292
397
486
547
567
554
502
421
324
223
136
75
48
63
116
199
302
405
492
548
570
549
493
412
315
215
128
68
49
67
122
210
312
415
501
552
571
547
488
404
303
204
121
64
49
71
130
219
324
425
508
557
571
542
479
393
293
194
113
62
49
76
139
229
334
435
515
560
565
536
469
381
280
184
104
57
50
81
148
240
348
446
520
565
568
530
461
372
269
174
98
56
52
87
155
251
356
453
528
566
565
525
454
362
260
165
92
54
53
92
162
259
364
461
532
566
561
518
447
353
252
159
89
53
55
95
170
268
374
468
536
566
562
516
439
346
245
153
84
50
57
100
179
279
384
475
541
567
558
509
432
335
236
144
79
50
59
108
189
290
394
484
545
571
553
502
422
325
224
136
74
50
63
114
198
301
404
492
551
567
552
495
412
315
215
129
70
49
67
122
209
312
415
497
551
571
547
486
403
302
204
120
64
48
71
130
219
323
426
508
559
570
539
479
392
293
193
112
61
50
78
140
231
336
436
516
563
567
534
468
380
280
183
104
58
50
82
149
243
349
447
522
566
564
527
461
370
268
173
98
55
52
86
156
251
358
453
529
567
565
523
453
361
259
164
91
54
53
93
163
259
364
461
532
566
563
518
446
354
252
160
89
52
55
95
168
268
373
467
535
569
562
514
440
347
246
154
84
53
56
99
174
274
380
473
540
565
557
511
436
340
238
148
81
51
59
105
185
286
389
481
541
565
556
506
426
328
228
138
75
49
62
111
194
297
401
490
549
571
553
496
415
317
218
130
71
48
67
120
206
309
412
497
552
571
547
487
403
305
206
122
67
49
70
128
216
321
423
505
556
567
540
481
393
294
195
114
63
50
76
138
228
334
434
512
562
566
536
472
383
283
185
107
58
49
81
147
240
345
444
521
562
566
532
462
372
271
176
99
56
52
85
152
248
353
451
524
563
565
524
456
365
264
170
95
55
53
89
159
256
361
456
530
564
561
522
450
358
257
163
91
53
52
93
164
262
367
462
533
565
560
517
445
352
250
157
88
52
55
96
172
270
376
469
536
569
558
513
440
343
242
150
83
51
57
103
182
282
386
479
543
568
555
506
428
332
232
142
77
50
61
111
193
293
399
487
545
569
551
498
418
320
219
132
71
48
65
118
203
307
410
497
550
569
545
490
406
308
207
123
67
49
69
126
215
319
421
505
555
567
541
483
395
296
197
115
62
48
74
135
226
331
432
513
561
567
533
472
385
285
188
108
59
50
80
146
239
345
444
521
561
565
533
464
374
272
176
100
56
51
87
154
250
357
453
526
563
565
523
454
361
260
166
92
53
53
91
163
260
365
461
529
565
560
519
447
354
253
160
89
53
55
95
168
267
372
466
533
569
558
516
442
348
246
154
85
52
56
99
174
273
379
473
539
570
557
509
433
339
238
147
81
51
59
105
184
286
390
481
544
569
552
504
424
328
227
136
74
49
62
112
197
299
402
491
547
566
553
497
413
316
216
130
71
48
67
121
207
310
413
499
552
568
544
488
403
304
204
121
67
49
71
128
218
321
425
507
559
568
541
478
392
293
194
113
62
49
76
137
230
335
435
514
563
566
536
469
381
281
184
105
58
50
82
148
243
348
446
519
563
564
528
462
369
270
173
98
56
52
86
154
250
356
453
525
562
566
526
453
362
261
168
94
53
53
90
161
259
362
459
531
566
564
519
448
355
254
160
90
53
54
95
167
265
369
464
532
569
560
518
443
349
248
156
85
52
56
99
174
273
378
471
536
568
558
511
434
